 19  15.47  13.58  13.87  14.22  14.23  15.04  13.42  13.9  15.09  16.56  16.83  16.03  15.35  14.11  12.77  15.820822  21.746494  18.48  18.24  20.210967  17.88  15.67  14.57
 14.42  6.72  0.48  0  12.97  12.36  16.57  18.38  18.23  21.72  20.422394  19.072434  17.47  18.46  16.26  15.88  18.285688  34.986464  24.075398  23.243798  21.130046  20.650832  17.83  17.53
 16.45  14.79  13.42  12.86  13.73  15.4  13.49  14.93  18.91  27.149181  22.875928  21.23  23.193421  19.638356  20.303111  14.54826  17.744244  28.137667  21.89  20.319683  23.644383  21.384164  14.82  6.879967
 10.61  9.47  0  12.78  12.77  12.29  12.35  6.58  14.07  16.32  16.76  21.526671  20.194588  18.916894  20.871451  22.451999  24.091853  28.915115  25.774408  24.427697  25.383281  22.770697  16.620754  16.043429
 15.499925  14.31  14.4  14.01  15.01  17.48  39.18  58.57  34.54  42.32  45.9  36.34  37.33  52.637569  41.51495  35.813358  44.73  92.77  63.43  58.71  87.01  51.68  23.329726  23.227869
 17.79  16.6  17.2  17.49  19.01  22.18  70.79  85.26  37.6  38.75  74.51  45.69  24.93  40.175461  37.798314  37.466575  22.24  69.91  51.67  82.168156  91.101974  75.33  52.81  45.959348
 24.31109  34.19  45.28  51.77  40.62  41.36  69.549815  67.96465  48.083008  54.614267  59.41511  63.546132  65.751862  54.188901  27.354335  26.52807  63.611394  94.943331  73.906154  39.960166  52.515058  45.180726  27.001882  21.67
 21.013105  33.79  26.92  23.46  25.68  36.127873  66.39956  61.104423  24.655649  33.071192  30.247273  42.908154  20.091975  44.868153  38.358793  36.524765  34.718847  68.82341  58.057373  38.88969  32.172496  25.636117  25.490746  22.782365
 24.726583  21.739746  25.27  23.08  23.34  30.347775  81.21  80.97  42.14  40.518286  89.02  86.588764  51.705743  41.63064  37.336666  26.430553  41.710722  86.73  106.62  85.71  80.22  73.4  69.95  77.02
 99.24  59.02  94.58  106.33  125.07  139.7  54.62  86.85933  111.233071  141.1  149.79  70.41754  62.580552  37.146722  29.058405  47.66  58.68  84.350402  53.553224  81.713653  88.14162  112.729933  58.474952  64.909752
 23.302591  46.471491  51.96184  52.609758  50.146208  64.291693  82.238986  100  84.02  56.12  49.38  35.75  32.836357  30.824465  22.28  22.38  52.84  73.12  56.690503  59.665087  65.426082  53.347679  28.723668  24.589233
 41.13  44.19  32.34  27.8  20.71  16.460606  70.82  92.51  54.578808  43.163825  75.280115  47.866974  22.768764  22.337107  26.551135  27.962901  40.854  54.59791  81.22  44.67  53.21  30.78  22.53  25.08
 21.54  21.499243  20.489659  19.27  21.43  24.122554  70.686801  45.953566  24.03  22.22  29.93  40.163897  28.308039  26.894993  21.07  22.718198  30.98  109.46  101.96  38.906601  61.26  60.56  33.294466  34.879188
 23.86  40.3  29.75  37.77  31.91  39.56253  124.023398  62.801343  56.18  37.686298  53.123086  44.030832  53.37891  35.034839  36.050992  23.973899  30.732573  42.827809  83.067992  57.684183  46.779463  40.250114  30.825625  19.75
 20.86  18.82  20.39  21.45  25.02  32.723533  45.972422  53.68432  75.599598  42.774551  54.225414  53.369923  47.779405  23.597391  21.908347  21.518552  27.472969  76.848787  49.51  78.62  45.431485  59.793878  39.312408  39.728952
 41.251236  36.421511  52.44502  66.973813  64.332671  60.440274  64.022185  85.996971  98.444684  86.642225  37.151221  33.508644  35.207439  37.230458  37.211418  28.403858  42.945339  79.608585  73.647126  81.898167  60.292392  55.079503  55.23548  57.209174
 61.439102  92.93  82.36  54.68  54.33  81.79  26.867819  35.995897  62.458998  71.366091  63.365413  54.913368  57.348885  50.210235  35.8  47.890622  34.218043  74.172959  57.018204  32.164359  46.839935  55.387735  38.3  56.7
 55.29  33.25  70.21  28.6  29.22  45.34  18.34  32.2  66.291703  62.94374  57.939406  85.39393  56.550508  68.639283  40.037984  55.345236  50.993897  74.886434  141.25  70.39  43.385286  67.561822  52.815857  41.73
 45.52  59.62  51.49  39.63  28.99  35.9  71.98  108.18  107.02  89.09  92.07  91.9  88.28  100.78  25.57  25.59  41.309557  90.630112  92.05  95.32  59.26  75.06  69.43  45.67
 65.08  59.57  49.2  54.59  69.19  78.79  91.057741  57.70884  57.76  43.02  66.538765  55.20328  41.377894  41.49  27.396872  31.439202  42.858128  73.140601  71.58  69.33  81.92  92.42  55.28  52.253697
 84.76  62.9  64.28  68.68  71.82  82.142774  104.038755  114.521453  68.491957  48.861104  70.57  74.299857  41.459455  58.7  32.69  64.24  45.67138  103.659784  87.91497  88.892789  83.255387  82.804794  41.821653  47.39375
 46.693025  41.559587  38.894028  39.701496  45.060478  70.08  70.519897  84.16378  71.52  70.74  62.143378  86.96  61.83  33.15  32.11  23.44  23.4  59.16  81.97  96.01  84.98  84.19  66.92  64.35
 66.39  66.84  67.58  77.129364  81.85417  72.009544  107.124701  101.2  117.333861  97.91563  81.899018  77.316535  75.945432  77.106592  58.32125  66.93  67.92  109.930522  108.68  72.840591  83.608313  89.88  81.55  80.97
 60.143532  59.840899  64.324612  66.94189  73.78802  63.00366  45.962074  77.255307  101.307855  125.158798  85.564516  78.88  75.24  41.9  28.42  33.05654  52.902268  82.459967  71.234261  78.754937  86.850804  88.776235  68.95412  64.183392
 44.293509  34.349998  64.184035  73.466051  75.972067  72.323089  46.373155  77.341496  86.470409  97.743148  60.744844  71.571763  107.7  109.83  46.560586  71.477008  72.478631  98.974069  132.05  94.118256  97.015233  72.213393  48.09683  41.091155
 34.239085  30.8371  37.708197  46.816632  67.5115  53.479756  63.414484  92.61  100.18  103.18  121.45  129.010347  94.84211  81.804938  47.015144  55.426671  61.434759  69.48873  65.747037  83.724429  79.069187  61.356809  28.852353  39.68
 30.53  42.68  32.3  36.01  96.19  35.34  70.61  107.351118  83.695638  96.398801  94.948603  93.75  95.25  93.09  48.38  64.332772  97.53  102.43  94.96  84.03  77.52  68.96  59.42  37.18
 49.28  55.57  63.43  45.81  63.502112  68.170727  56.394395  64.39  91.39  76.48  104.51  70.44  90.99  65.13  48.696626  47.829306  44.05419  116.961992  126.92096  61.17  75.47  67.72  57.52  53.64
 36.55  38.82  58.895993  66.97  61.09  67.71  104.42  58.34  46.963825  39.188434  38.03  51.22  43.011022  44.238733  41.242515  32.957115  42.141632  76.07  56.601804  70.437294  89.18001  63.829866  66.26  37.33
 32.13  29.58  29.32  34.93  39.819102  53.31  51.803336  85.07  64.058403  53.549496  69.158999  68.684698  60.507316  50.082764  50.475452  42.362912  86.973561  51.48652  112.648677  105.093784  97.658868  86.105491  93.3  88.77
 85.42  82.88  76.67  79.37  91.93  84.89  63.547778  71.592188  83.907105  94.62  59.77  58.289387  72.593418  49.63  41.77  29.57  38.56  96.12  50.02  48.604702  54.313236  62.18  58.07  56.972803
 59.245014  57.263078  46.155026  64.01372  78.821566  35.276685  24.921082  39.746198  44.989386  47.206009  49.754169  56.4  52.58  36.25  35.53  31.4  24.99  61.31  70.19  32.55  54.12  62.11  50.31  61.5
 37.97  60.3  53.19  73.93  46.85  52.662581  111.570083  166.4  73.18  37.69  51.93  49.37  33.15  27.698132  33.366476  34.890152  28.607686  75.23  54.62  60.901316  52.183458  61.68429  31.58  46.45
 38.346075  29.876032  42.866752  70.67  18.660987  18.320408  54.79  25.522193  31.919267  51.044253  35.34007  83.278389  51.288129  59.328247  39.266695  57.157156  32.708834  75.62091  85.528208  71.35  69.613822  48.32  38.84  31.66
 21.93  27.73  24.74  31.83  53.25  31.23  71.83  69.94  83.33  56.69  51.58  49.79  36.48  54.75  55.66  52.37  38.81  73.56  99.12  84.39  73.08  76.42  56.31  37.7
 61.29  46.77  25.26  25.55  33.05  32.826558  62.125644  54.182019  35.55  57.47  62.49  46.48  46.62  53.8  53.31  41.69  29.43  51.13  31.33  50.84  54.47  49.43  42.95  36.42
 26.08  25.17  28.41  46.02  40.44  23.76  35.51311  46.74  51.79  50.41  74.20465  70.050419  41.021907  57.03  68.19  49.67  30.92  51.27  30.44  31.54  59.27  56.98  43.07  44.04
 26.52  33.58  33.59  22.83  24.52  31.4  23.58  36.46  66.66  62.25  82.43  40.62  26.67  31.94  25.87  30.86  25.18  52.53  41.01  38.3  49.45  72.58  62.75  81.67
 54.94  35.83  38.95  41.979094  22.104934  28.120072  24.081584  55.919137  80.07  76.597069  55.774853  43.053975  53.72  40.49  28.88  31.79  35.61  41.61  49.12  79.97  60.11  50.6  38.08  40.01
 40.02  38.8  41.13  36.17  44.27  29.27  89.24  151.04  87.3  81.14  74.02  55.97  38.94  84.74  36.51  53.88  39.58  53.3  75.82  69.61  64.6  64.17  32.14  34.69
 20.93  21.34  17.16  25.32  24.6  30.51  64.39  65.31  47.5  31.58  36.91  43.53  47.826904  31.397162  25.003837  30.60074  25.256525  34.262577  60.114943  53.092024  39.077452  40.228655  28.330153  27.795706
 21.29195  23.191092  25.031755  22.406376  23.95  26.756114  48.22  59.74  51.999543  39.209681  51.58  40.433237  30.414519  33.083888  26.557501  33.229179  25.18  48.68  128.3123  48.76  43.98  42.862776  39.35  32.52
 24.82  24.88  24.77  24.32  24.27  24.92  43.22  43.88  39.17  43.57  55.888492  36.689868  39.977574  26.83  26.79157  35.621049  37.654226  45.10479  51.56  50.15  35.07  36.35  33.03  25.63
 25  22.04  21.71  23.42  24.06  29.07  47.17  55.89  48.96  41.88  77.95  66.68  44.12  26.33  25.64  24.18  29.405826  35.221033  82.47  39.23  40.28  56.22  27.58  24.47
 24.93  24.12  24.02  22.89  21.28  23.93  24.86  28.79  37.84  49.62  41.62  26.27  25.63  25.04  24.41  24.96  24.72  29.28  42.55  25.79  32.87  36.48  25.21  24.07
 20.19  19.64  17.35  17  18.17  21.98848  20.400533  23.464384  27.57  25.28  29.19  46.33  31.426453  26.683964  24.003431  21.25  21.68  45.72  100.461635  76.63655  46.368731  62.520455  33.899348  33.886573
 43.47  34.42  26.28  28.55  39.11  62.736353  66.362652  96.945546  96.175861  77.880805  96.697426  86.064163  36.12  41.08  26.12  27.134945  25.462218  46.205234  102.23  71.63  78.79  67.71  31.04  41.33
 29.28  31.32  25.54  26.18  35.37  59.97  87.82  73.31  51.32  48.32  67.74  47.66  40.48  37.65  29.73  42.1  41.97  44.44  65.6  48.78  72.37  46.04  36.05  26.09
 27.06  28.74  25.27  25.75  26.94  32.34  84.52  116.18  68.28  46.48  46.04  29.82  25.97  25.73  22.42  23.76  22.61  26.79  41.25  38.79  58.92  42.8  29.78  29.93
 22.65  22.6  23.61  24.38  25.78  25.21  38.07  48.64  40.78  56.47  38.213341  26.56  28.16  37.55  24.77  19.95  25.39  40.45  39.45  45.33  35.01  53.48  24.23  21.15
 25.55  22.07  19.91  23.95  25.56  27.18  70.53  83.1  55.2  39.67  70.53  25.767078  27.193413  64.2  51.18  24.86  25.27  33.95  50.52  25.41  29.18  39  32.84  31.87
 24.53  24.12  22.61  21.82  20.42  23.59  24.93  31.72  47.15  46.178696  43.46122  30.932555  39.949705  52.15281  25.44  40.83  44.79  68.1  93.63772  51.485623  53.30673  66.16303  26.18  26.31
 28.63  24.3  24.58  24.98  24.44  24.59  25.1  27.11  49.84  40.73  26.07  41.48  31.38  25.54  24.6  32.58  29.85  33.97  55.53  52.07  35.8  33.78  29.55  26.93
 31.67  25.3  24.57  24.77  23.350778  28.582577  65.967884  97.08  56.13  43.98  62.88  41.62  26.79  28.07  27.22  30.47  38.68  37.97  71.47  66.09  69.89  69.07  23.99  26.23
 21.76  17.77  18.57  20.54  17.46  22.62  26.9  24.76  25.2  28.61  39.18  63.24  54.82  50.68  30.15  34.84  31.68  33.17  37.64  35.96  42.89  43.85  29.75  37.38
 27.35  29.85  28.17  35.64  28.42  41.635337  69.61  69.79  42.08  59.73  70.94  32.51  27.79  28.07  26.03  25.28  25.97  31.39  69.08  38.9  45.49  39.88  42.34  28.46
 31.07  38.54  25.86  27.05  29.15  47.07  79.74  35.33  40.74  50.36  58.99  62.92  43.05  47.53  36.03  28.69  30.33  32.23  56.49  60.05  40.26  37.52  29.3  24.8
 23.031159  26  25.52  25.59  26.28  33.73  85.16  51.34  60.63  44.89  37.88  40.57  46.87  30.99  43.8  24.09  25.16  34.64  66.16  31.27  44.05  35.93  36.55  28.93
 41.54  35.97  26.28  33.37  60.07  27.72  33.41  40.36  51.77  67.4  30.52  33.74  25.53  25.14  23.2  19.83  21.93  26.34  35.53  25.86  33.07  37.95  31.22  30.52
 25.86  25.72  25.36  24.2  25.36  26.5  26.7  25.21  26.09  25.18  33.04  26.25  24.43  20.62  19.56  19.57  24.27  25.6  35.098729  26.567808  29.786951  26.03  19.77  20.25
 20.04  18.14  16.41  18.29  6.62  23.28  42.54  61.22  29.387622  25.743467  31.348064  27.812275  24.978145  24.823855  25.457919  23.585018  22.899343  25.311733  23.274926  37.948785  35.387742  28.15  17.903823  19.30026
 17.01615  18.89  20.63  18.43  13.85  18.47  25.803151  24.084355  25.23298  25.702064  24.395949  40.818639  33.062273  23.405185  28.57  24.248388  23.083229  22.294364  35.888929  31.016671  27.01  26.62  17.3  16.04
 18.21  22.38  17.82  18.09  19.58  28.05  33.5  52.97  28.215567  27.892965  32.876281  50.691799  32.999577  46.016525  32.0326  31.547722  30.012985  36.83434  78.338658  47.83069  39.780846  32.22  23.54  19.2
 12.99  15.69  15.55  15.76  19.79  24.92  47.45  28.46  49.21  49.18  28.157074  40.824155  37.334203  56.850872  34.94  54.922107  34.65  40.75  63.13  66.16  49.74  42.51  25.32  25.36
 21.39  20.15  14.06  17.02  21.67  25.27  38.71  47.21  57.17  46.75  34.81  39.53  76.67  40.96  29.68  29.74  27.818023  29.56  58.54  37.64  26.93  26.96  24.63  25
 22.17  21.6  15.69  15.42  13.43  21.01  22.59  22.15  26.54  47.49  81.31  39.46  33.03  28.31  31.03  24.82  25.98  24.24  58.53  39.75  30.86  30.2  23.72  23.39
 16.62  19.27  15.41  15.74  17.31  17.21  13.82  17.37  23.68  23.42  23.54  24.72  24.89  23.35  24.5  23.9  24.63  25.12  33.83  31.48  36.47  31.35  24.03  24.71
 21.29  19.36  17.63  19.55  18.97  20.94  29.38  54.57  39.07  41.04  46.08  61.55  73.57  42.19  39.6  42.49  39.23  60.04  97.73  109.34  75.93  54.18  28.92  26.27
 25.86  25.52  24.73  24.72  26.37  28.42  56.03  37.21  35.83  29.65  41.24  25.93  31.48  40.09  31.42  31.78  26.71  25.55  49.28  44.77  49.71  42.33  34.91  31.04
 25.82  26.2  25.51  25.51  25.84  28.87  67.51  45.93  62.03  44.96  42.58  35.76  32.23  56.33  31.582756  27.202974  37.242976  40.7  45.195898  44.872659  52.16277  64.56  33.98  29.87
 28.51  57.53  28.19  47.55  42.1  60.15  93.33  82.97  48.88  47.01  59.47  43.1  42.69  49.98  36.8  26.27  36.57  36.77  102.82  68.11  41.68  36.62  39.58  24.71
 24.65  24.87  24.93  24.87  25.28  25.56  36.43  46.88  37.65  40.78  52.9  46.18  38.8  32.77  29.7  36.36  33.12  33.13  43.9  40.23  36.45  37.48  38.88  47.28
 58.82  49.44  38.98  30.19  71.67  39.72  27.28  54.79  69.14  116.35  64.85  29.24  51.64  46.87  27.74  25.3  27.08  26.6  60.43  46.94  54.16  45.58  43.43  36.35
 48.31  31.48  49.4  36.73  29.83  43.8  26.37  38.49  42.73  58.93  37.61  69.75  51.72  44.51  37.37  38.12  46.68  63.88  73.19  61.32  34.98  29.82  26.84  32.1
 26.46  22.45  24.67  24.61  21.85  26.011354  41.67  39.87  29.14  44.267865  44.626494  48.217472  54.327483  43.198683  26.87  24.67  26.02  34.15  79.77  93.64  55.28  35.94  27.6  21.83
 21.72  22.535284  17.73  21.6  23.73  21  29.08  29.83  40.87  45.72  70.15  85.03  87.58  79.6  62.46  59.28  85.04  77.84  78.09  67.35  64.88  58.54  47.36  40.3
 54.72  44.82  36.94  26.45  58.32  75.27  67.04  82.8  58.79  45.65  58.48  76.72  68.9  41.73  53.83  46.48  46.33  41.03  82.07  130.12  61.62  43.05  35.5  41.23
 64.27  75  69.721408  68.585886  40.596231  29.699532  55.4  45.047056  39.714233  30.021826  40.12616  36.365149  40.335885  40.612965  39.999526  41.958281  45.97  42.13  57.93  46.94  62.57  45.39  29.45  26.12
 26.09  24.78  25.24  25.38  28.81  30.71  30.71  44.83  41.210967  38.196021  39.799584  39.162956  41.72  34.837983  26.9  24.74  29.02  30.34  57.75  35.67  42.46  39.41  29.56  35.22
 48.56  35.47  31.27  36.66  49.8  29.476223  25.58  33.83  50.38  39.47  40.24  29.45  49.4  36.72  33.37  25.62  30.13  37.55  49.16  44.66  38  31.26  32.19  25.8
 25.07  24.23  18.24  22.24  14.85  12.98  7.1  24.66  26.97  27.97  32.08  40.78  47.34  43.69  24.76  25.13  25.63  25.62  60.63  105.71  129.07  76.88  51.55  35.09
 28.03  30.35  29.13  31.92  31.38  46.29  83.64  53.97  48.22  58.56  69.22  40.26  40.28  39.74  39.65  28.38  29.51  28.55  60.36  98.53  51.46  57.43  54.28  49.9
 43.55  39.2  41.49  40.54  48.42  57.14  53.63  51.34  44.13  43.07  53.86  46.62  67.99  49.18  33.426724  29.087446  32.362186  32.02  42.440003  65.43  52.139294  48.131893  36.969733  41.84
 35  32.49  26.38  30.02  58.88  61.48  54.9  63.26  39.77  39.92  39.249096  39.94794  31.165522  39.288369  31.670742  41.874006  38.713092  40.715242  56.509825  48.832628  42.809147  41.632809  25.02  25.38
 22.59  15.88  11.28  19.58  21.13  25.29  47.91  81.53  71.674208  57.713259  32.901551  52.945279  55.561497  45.065904  31.501319  28.345346  42.925668  47.814762  59.384696  92.292096  52.65375  38.057145  28.965981  26.27
 24.04  15.86  19.82  23.32  24.09  25.43  27.71  41.500679  27.508593  39.941507  28.608451  39.833207  72.778768  42.835394  28.21332  28.333481  25.78587  26.610303  42.236707  38.241569  33.461967  34.22  25.68  24.65
 23.82  16.77  17.12  16.7  17.28  21.09  17.76  25.58  40.137964  49.796576  78.26  43.531613  43.195569  47.98  25.57  25.98  25.78  26.259313  45.44125  46.096195  25.6  26.07  23.62  19.44
 22.52  14.9  14.2  15.01  15.23  19.17  7.52  19.07  24.86  25.73  25.7  23.710453  22.589847  24.331674  23.257979  23.240647  24.010934  23.2908  40.357724  84.67  27.401684  26.793967  24.92  22.81
 15.59  16.42  16.46  17.48  15.69  26.37  42.39  33.65  36.15  44.44  43.03  40.21  47.39  44.82  39.86  37.82  39.54  39.33  62.17  105.57  74.92  42.93  27.36  26.33
 24.29  21.94  23.53  24.47  26.13  34.12  66.71  98.87  93.01  68.26  63.51  52.28  87.17  79.25  25.26  46.98  69.78  50.09  60.92322  45.910996  52.60567  55.38  43.23  45.81
 45.74  31.69  26.96  30.931985  50.778139  46.784743  50.1726  32.98  40.259879  36.539914  47.445925  42.033457  42.37  52.78  38.95  45.43  44.27  36.32  48.73  40.13  40.49  33.412232  32.893303  41.71
 29.04  27.53  28.932687  29.25  31.54  34.529192  45.597714  58.382737  49.435023  50.31  50.11  46.21  46.11  51.901712  45.62  43.525441  39.055012  45.275422  43.226053  43.993124  46.269751  41.239567  35.221669  36.244339
 54.132638  35.928844  58.535171  35.241235  45.648207  60.70775  71.37  88.59  85.6  86.61  53.628806  51.605101  58.769613  86.62  35.539508  46.598967  35.577504  67.581547  48.914904  68.921603  64.817333  44.729997  41.73  39.44
 39.66  34.82  45.03  32.77  26.103937  28.161014  30.736442  79.168157  47.041743  58.413033  80.016784  34.342035  30.137008  29.81969  27.290583  25.978179  27.94  57.48  44.496088  64.765972  36.89  54.88  67.02  32.14
 26.02  26.99  0  25.99  24.9  25.9  27.76  24.97  25.662709  36.493175  62.82  48.77  71.4  36.144584  35.83  35.69  30.36  25.28  27.62  57.12  55.33  52.78  39.61  42.01
 47.18  27.71  28.2  37.95  44.4  31.17  77.08  84.48  82.53  70.04  59.12  62.3  63.18  62.68  38.54  36.89  31.92  21.25  24.37  55.82  49.66  47.26  44.16  40.75
 41.35  29.59  26.82  29.73  32.360043  51.417365  72.84  60.68  45.11103  50.570022  51.28  54.68  44.16  45.64  41.17  38.250021  37.710764  29.739971  25.719993  43.18  39.8  38.52  27.46  33.16
 25.18  24.58  21.566487  21.817616  24.108359  30.08  58.006684  87.6  53.618532  40.781771  47.625924  39.502906  44.064182  64.477695  29.162708  28.979313  33.162828  28.774331  23.96  37.934654  51.823517  37.866854  32.32474  27.98
 26.93  28.17  26.91  25.22  25.52  30.52  39.33  62.55  46.81  46.828777  71.504349  57.96  55.03  67.72  64.32  45.841571  48.913152  40.4  38.5  40.25  42.12045  43.43  37.25  33.29
 28.47  25.43  24.01  24.53  23.47  22.68  22.195811  25.585616  32.12441  36.468397  37.772688  37.98779  42.41414  45.828695  25.27  25.27  27.32  26.49  22.35  39.44  59.31  82.37  61.21  32.08
 31.43  27.31  25.27  25.47  26.96  60.94  21.25  52.63  74.88  69.19  49.69  59.08  62.77  47.73  31.07  29  29.47  28.26  25.27  32.336979  29.32026  72.34  40.21  31.46
 28.43  25.11  25.48  23.81  20.43  24.88  25.19  28.84  32.78  44.72  38.59  66.08  48.2  35.43  39.31  31.9  38.93  38.18  27.68  48.88  111.71  43.26  48.3  29.73
 27.12  28.96  28.2  27.23  26.77  35.16  42.03  48.51  69.06  72.46  71.96  69.06  70.51  66.42  74.75  80.25  46.63  55.58  52.44  63.82  73.81  60.83  44.52  56.2
 38.186405  39.035097  30.83406  31.43  62.29  82.86  71.61  97.85  108.35  89.17  64.28  61.28  89.77  78.62  43.12  52.72  79.34  76.58  46.08  45.92  51.94  64.38  38.48  34.16
 27.33  32.74  31.82  30.84  30.54  35.52  59.65  40.14  52.333532  54.732683  58.587152  48.676134  43.200163  47.561752  48.502051  49.983292  78.22  60.17  68.26  64.430574  48.366454  48.707607  44.576966  46.29
 25.51  27.79  26.97  27.34  32.11  53.02  53.69  55.880008  57.553588  45.823459  45.007448  43.929193  49.387783  72.26568  36.83  27.48  39.53  27.52  31.72  52.48  79.42  52.18  43.62  31.24
 27.08  26.41  24.86  25.62  30.71  43.86  42.76  62.72  39.34  54.398485  59.073649  36.194914  39.144051  69.674207  36.57  27.786254  28.72562  28.513267  21.18  22.22  44.914653  28.483739  23.518352  23.08
 25.53  32.77  28.76  25.38  25.99  27.6  24.33  25.07  30.88  35.88622  42.460851  43.679725  30.617969  24.54803  43.410896  40.395038  30.847208  36.171845  20.218125  30.549787  75.648924  50.850597  27.726851  27.487754
 24.061638  19.78  8.17  15.09  11.58  15.23  3.373542  12.092161  26.130739  27.470634  26.119966  28.859188  32.123178  31.759763  30.934737  30.608223  60.53  28.359471  26.996162  30.868879  82.990052  37.97  30.96  32.24
 28.25  25.34  18.1  18.55  21.31  28.81  33.88  35.54  28.37  48.68  68.17767  34.500682  58.23639  70.078893  40.486931  46.206679  56.360303  28.215483  32.160239  45.83662  54.798207  43.824467  46.92  42.15
 31.38  28.07  23.07  24.46  24.98  31.21  50.75  57.58  44.12  72.31  73.645309  44.03  62.787654  100.644942  56.12347  48.523371  49.464811  49.512758  27.215555  35.87  79.54  37.14  25.4  33.11
 21.76  22.37  25.15  19.3  24.43  38.05  54.48  60.47  71.55  68.32  52.69  60.4  67.92  56.48544  72.663636  93.439457  89.482508  47.129643  50.141722  56.014129  76.92051  66.580485  34.83  43.83
 29.69  22.24  20.14  20.77  25.21  47.12  47.898714  40.717534  48.888332  40.143238  66.634613  69.012703  38.883419  54.209679  66.563986  81.658917  83.855079  57.900246  47.371583  39.879716  44.872195  51.021246  34.712789  34.48
 26.55  23.75  19.22  17.07  22.28  33.882861  47.264599  43.98  52.34  71.67  55.17  52.25  55.326883  77.420577  52.007808  61.353248  47.88931  45.061089  29.057046  38.642243  43.82  63.81  49.53  39.75
 34.52  28.05  21.49  23.17  19.46  23.61  22.43  29.64  43.32  39.384044  48.616497  39.246956  62.383398  36.443142  27.814588  53.44135  57.492221  32.984059  48.260285  85.11  99.83  77.29  46.25  23.985769
 26.886771  17.43  15.17  19.367843  18.798156  18.68  12.62  17.37  43.94  44.47  44.86  71.472997  72.741964  72.06  45.25  44.66  76.977773  55.366351  51.353379  60.98  83.89  45.38  34.36  27.5
 24.65  25.47  22.24  20.1  26.42  25.24  47.88  66.24  40.040128  65.853535  72.481232  43.913969  52.873606  50.140059  60.697585  50.805374  52.453852  57.09474  35.29  40.48  35.267408  57.03  30.8  22.02
 24.82  19.92  16.67  23.55  24.62  26.46  31.8  38.92  26.2948  33.560036  35.969007  33.894998  30.532509  55.36559  30.233398  41.808861  41.788883  25.932007  25.112462  24.306443  28.892713  40.81  34.2  25.12
 20.28  17.01  14.23  15.11  21.52  33.46  34.870648  40.736375  31.46223  29.43  53.16  33.54  43.69  47.166242  69.598317  39.103748  27.876992  34.38  27.89  30.03  52.22  62.96  25.28  23.93
 19.58  12.78  17.12  21.36  19.56  28.53  38.853619  32.0647  26.79  28.651356  32.925485  48.963808  50.907655  50.249377  43.715314  80.93222  38.402496  27.888391  26.801817  26.17  76.23  50.847661  24.73  17.92
 4.68  2.75  13  13.58  16.83  15.42  27.72  55.33  31.448479  28.617891  34.646815  51.836861  28.419379  36.085943  70.374571  52.716962  39.604758  31.394193  25.37  40.15  87.39  61.08  62.58  36.42
 24.19  21.43  17.59  17.6  18.35  25.83  18.23  38.16  69.83  36.28  83.98  90.3  90.5  92.31  88.51  90.4  103.1  93.62  65.63  64.96  84.4  79.81  39.84  53.93
 31.65  32.33  27.05  16.88  18.48  20.8  13.03  32.21  42.44  55.050855  104.25  85.02  84.7  122.675213  66.53  65.22  86.4  120.58  73.448019  70.6  119.41  93.86  73.41  36.06
 51.26  32.22  20.85  18.2  19.89  44.68  66.33  67.52  35.08  50.87  67.91  53.33  43.549229  40.352968  41.842214  35.627362  51.639669  20.905671  28.933884  47.296441  28.970224  43.444814  34.97  38.55
 19.97  16.86  17.01  15.62  16.64  20.39  50.141688  38.73  26.18  31.93  37.478857  38.484156  31.285286  29.162672  37.387365  40.263357  27.693646  19.525196  20.75566  25.43  58.240532  39.82  23.62  19.95
 17.27  17.2  18.29  17.28  32.11  45.7  72.48  73.94  29.92  57.31  59.635254  40.658494  56.340456  68.14  46.43  46.07  47.95  46.34  34.66  30.27  68.21  61.14  29.53  32.72
 23.96  21.01  17.26  17.39  21.75  32.29  60.86  72.78  53.41  49.29  61.04  70.45  63.34  57.71  77.51  80.79  69.53  68.26  45.84  49.49  76.21  65.61  54.81  31.45
 19.54  17.24  15.85  5.69  6.95  23.73  51.07  58.45  58.72  56.38  58.88  53.28  73.07  66.97  66.179369  59.759224  54.44395  45.290649  40.490229  32.574831  34.42904  38.870195  30.792859  39.34
 28.88  22.77  19.77  18.28  18.47  23.68  21.99  29.47  29.32  33.370417  43.040569  35.699717  35.941917  43.836329  36.65  52.71  59.53  34.49  24.87  26.61  52.27  48.79  35.77  25.14
 23.55  18.48  16.71  17.84  16.37  15.14  4.19  16.49  24.89  23.755447  28.978961  33.228694  34.260538  39.038485  48.76  39.648302  55.356784  62.98  40.06  36.87  84.01  78.24  57.34  40.57
 28.3  21.81  19.03  18.24  16.19  18.996615  31.540558  38.91  47.448727  44.397232  66.181606  57.872433  67.497154  80.789514  78.895459  72.207704  90.539395  76.304773  51.756819  54.022521  74.577523  54.847619  32.631889  33.59
 34.897256  24.696106  17.795599  17.926775  19.406855  26.466281  37.321623  23.345799  29.222463  47.603401  59.701333  58.78434  67.175766  66.270356  51.154404  53.48105  76.827889  55.158427  53.904398  58.519178  56.492964  57.645148  47.230175  42.530368
 30.586059  27.999166  26.302807  17.671733  21.639497  33.551979  60.70684  71.186746  63.907852  59.919107  58.209829  91.361244  114.986116  57.147314  76.286858  72.573821  64.481329  61.524143  47.970577  53.784482  62.710826  74.139034  54.717352  51.866548
 53.872808  31.97  27.88  24.93  30.77  31.03  45.32  56.466816  74.439427  68.550251  60.723074  63.35013  75.916689  88.003536  61.238084  60.829531  82.731159  75.806216  63.491461  48.526552  60.285389  57.816455  42.874359  46.240081
 32.98  27.79  23.55  20.04  24.2  40  36.51  35.4  54.03  65.84  41.82  50.540026  54.66  55.906782  74.597673  65.656065  61.426517  60.669656  42.009437  29.749315  49.846985  44.24  58.22  57.18
 33.17  71.12  31.74  21.27  23.24  24.33  18.86  32.18  46.62  73.92  54.838733  57.26  115.134477  86.822767  59.632443  87.32023  102.292209  66.538887  76.445506  28.945373  96.725209  61.96232  66.09  62.848263
 38.237254  43.14  31.61  30.94  25.45  25.03  20.93  23.92  40.71188  71.691682  48.65  63.913022  87.765267  72.707516  70.136245  48.131868  81.263318  86.738564  56.585545  40.226388  100.846478  114.82  39.74  44.31
 64.65  37.51  27.85  20.38  28.51  30.98  35.573983  71.139422  50.780974  78.911815  65.901234  79.119128  68.70269  81.455823  91.381582  77.000359  75.91803  78.024643  67.342133  58.498736  65.08759  69.191723  51.61  35.452766
 30.356065  37.673038  33.209263  21.271966  28.932576  49.545748  46.12386  55.280742  68.681011  85.487329  50.965731  60.34031  66.047758  65.29346  67.745344  68.9264  58.365115  64.049619  51.504809  48.359987  44.065429  42.643429  31.870689  30.45677
 40.380008  44.991627  38.225397  33.464045  37.448237  83.17  47.930727  38.332674  40.694861  53.261942  60.550594  57.079708  46.311248  61.824983  49.174989  28.739573  46.540309  66.050878  63.457313  54.776968  58.347191  55.067024  41.756526  33.8
 26.000308  19.09781  15.584509  17.57963  17.681287  29.042171  38.34  43.39  49.74  78.61  86.91  92.83  50.48  84.01  62.97  68.130143  88.90002  57.830146  75.02  64.37  64.9  69.08  42.84  47.73
 26.12  23.84  17.23  16.7  19.02  40.75  52.51  44.66  33.5  48.02571  49.698997  48.103153  52.827571  66.269839  66.949126  87.152127  101.467699  80.353246  57.271813  43.23  48.962155  40.932366  36.749171  57.56
 40.07  29.32  27.95  26.54  24.04  18.2  17.23  18.37  23.579123  37.49  36.681412  56.753162  48.286533  67.969725  50.372095  54.880396  79.520076  56.678081  46.157754  42.987215  60.180338  55.765982  53.050309  45.41
 59.39  59.72  27.51  26.3  19.59  12.07  15.13  21.92  42.1  55.7  89.411912  91.203476  88.00791  103.023059  65.147154  57.997231  81.336928  75.448564  65.402252  63.929619  68.794184  81.527456  69.17088  45.854394
 60.796587  48.65  35.72  27.18  37.52  50  74.96  72.469958  58.870935  88.038235  83.55722  50.146566  56.989031  78.249494  68.842992  87.086568  82.768064  98.111903  72.829269  53.044673  63.150124  53.122706  45.593314  37.389333
 47.705392  45.62431  31.846354  32.29  22.3  41.84  54.936986  40.464931  48.53484  64.673041  57.184719  86.720164  70.403445  73.700873  86.430071  83.232688  76.535632  68.688918  57.40829  45.773384  39.980138  47.520579  52.783275  36.99
 33.42  36.02  26.14  20.03  35.58  43.4454  58.618451  66.99472  50.428222  47.109974  74.45  61.34  56.789169  59.367039  73.021699  70.860933  62.937826  55.006102  65.19187  62.956953  50.933343  49.53985  38.918577  27.55
 32.51  30.26  21.795447  17.199435  21.55  36.76  64.203255  55.999976  41.275029  50.698191  65.851985  70.352573  83.85416  70.792211  83.203289  77.598583  97.457355  90.816147  91.28  57.461331  86.888528  91.94  48.494451  48.16
 42  43.19  32.21  29.56  49.67  43.73  47.62  62.264091  63.692526  57.308379  81.742857  60.148421  51.720497  47.639323  50.089945  46.997343  64.651912  74.451109  46.04  47.127224  47.283182  38.90754  39.86  32.58
 34.86  17.95  17.12  15.13  14.02  14.15  14.51  18.03  21.642156  33.207746  30.89  27.74  29.31  25.987377  21.152578  21.68836  29.13119  45.51622  34.175389  29.93  39.761079  29.48  23.920471  21.441645
 22.919691  6.03  11.808385  22.076051  14.47  5.56  15.75  24.38  25.09  38.12  37.18  43.21  34.357286  28.077875  38.624262  31.464431  37.824632  30.363595  29.892857  21.33  39.306057  30.93  31.887019  26.126045
 26.843968  22.97  18.95  16.68  16.89  16.81  15.75  26.18  25.88  55.68  27.983578  28.405597  30.918117  31.595957  20.634067  22.800516  23.998148  30.291515  33.566856  26.860696  44.537864  39.37785  21.860622  16.809332
 1.69  4.75  8.02  0  0  7.84  23.82  40.21  38.38  41.86  73.252393  37.064112  40.994847  52.102346  36.291385  29.017374  25.168985  48.034872  40.427783  28.52  31.53  30.389278  19.23  19.02
 16.89  9.91  0  0  14.2  22.15  30.9  21.996102  31.699378  36.765832  28.115977  31.585119  56.218394  35.727827  36.76302  67.585704  56.807816  47.99732  58.96  51.980246  49.14  38.081797  30.33  28.14
 20.8  19.99  17.65  17.31  17  24.41  42.55  52.33  54.901161  69.716668  31.035659  31.32256  31.949584  45.572896  54.83  37.229763  36.033754  42.145327  54.195646  44.26373  49.866628  44.858525  29.35  34.95
 22.56  7.16  19.5  6.43  17.32  26.39  41.97  41.86  36.27  37.690871  36.543245  51.39  61.87  82.07053  65.358002  34.166132  34.05  31.46  22.05  33.12  43.01  37.7  27.52  23.14
 20.37  20.94  18.06  16.68  17.45  18.02  17.79  25.85  28.82  30.43  45.82  36.12  34.98  34.78  27.18  31.92  33.73  35.12  34.06  34.81  33.56  33.74  24.88  21.02
 18.43  12.2  0  0  0  0  0  0  22.910742  20.782399  18.307142  15.201359  21.612058  22.920703  18.596708  25.850933  27.246194  31.393643  27.777773  24.51  33.73  29.27  17.96  16.84
 12.56  0  0  0  10.9  7.07  22.64  25.74  41.43  56.7  57.07  48.01  75.79  81.62  39.78  70.06  113.366337  135.009215  66.606519  60.33  71.446758  78.34944  32.714878  31.79
 25.44  20.74  18.43  16.78  16.41  23.51  33.62  31.28  35.03  63.11  66.45103  58.750339  62.386509  56.905375  60.84895  82.499351  58.221524  63.399696  60.127049  53.908237  59.084889  64.95  44.83  37.58
 32.2  33.88  21.78  18.59  20.75  27.42  41.13  40.43  51.28  58.27  37.939191  69.641157  66.381938  47.86372  72.086587  35.310928  63.753472  42.837909  39.657427  22.270923  32.709479  51.506356  55.483213  67.459773
 37.697783  59.46323  29.379648  25.163488  25.63064  37.747524  59.260735  54.400336  36.476527  29.883723  32.510759  46.106846  60.905873  58.471779  57.576952  52.023708  69.435199  51.209883  32.298586  31.569788  44.58  59.21  33.68  31.41
 31.82  31.93  22.26  18.46  25.25  27.17  34.49  38.05  46.81  55.2  42.85  45.88  41.53  42.91  42.72  55.32  24.28  23.91  28.73  22.02  28.63  35.88  27.11  22.09
 17.77  17.5  7.06  1.13  0  12.26  11.81  18.32  25.4  47.82  58.09  64.45  28.38  44.27  36.97  40.57  74.51  40.54  34.9  21.76  26.12  28.81  20.37  17.669026
 12.252517  6.4782  0  0  0  3.64  0  10.12  17.16  20.67  24.81  30.86  21.58  24.69  29.54  25.65  35.47  37.67  37.33  51.85  58.6  29.87  29.65  20.792697
 16.319397  12.14  15.15  9.417418  12.1174  18.721759  25.506016  39.283971  74.43  47.7  53.09  65.87  63.08887  79.936133  83.819714  84.776385  90.323035  77.049327  56.212106  59.7  50.58  62.12  58.14  43.17
 28.79  21.544682  22.31  21.75  26.650106  26.585027  33.38  46.13  51.83  65.920885  56.583593  48.264237  53.00845  72.673364  73.570007  79.261935  40.365933  39.271359  29.955844  42.44521  58.074983  54.44  46.13  46.07
 36.33724  26.404557  26.482954  30.62153  31.427236  36.609125  41.13  52.93  33.425437  32.127557  43.290049  39.84093  48.103496  55.609769  41.061702  49.438961  57.654208  51.464625  45.558798  48.209533  56.64  58.8  46.85  48.62
 41.14  40.61  32.98  30.694808  34.809525  39.378484  47.406687  67.18  38.56  62.170348  74.263983  68.099977  77.481203  73.047  73.507423  77.055153  57.278015  52.264164  39.5  42.99603  54.99  64.83  42.321611  34.204517
 36.93  31.92  28.55  26.06  29.59  34.17  40.88  58.835984  47.963082  46.946963  62.310782  55.296439  54.661677  65.879169  78.951977  81.979719  66.450064  68.956317  78.256789  70.77823  67.932827  58.931214  37.527823  35.883692
 43.895073  57.34  52.99  39.752016  27.388775  22.400725  23.88  50.42  71.011274  70.475248  94.77  78.221729  54.064325  49.224827  65.485378  45.76711  46.095611  45.743316  34.5732  38.217039  29.868171  41.48  32.3  21.76
 17.74  0  0  0  0  0  0  1.2  22.5  21.94  20.35  17.18  16.49  19.83  26.07  22.87  25.09  37.3  21.17  21.47  20.91  23.6  20.39  18.78
 14.16  0  0  0  0  12.77  8.53  25.87  25.31  31.519225  44.06  42.46  44.14  51.06  74.41  43.45  48.97  66.15  50.38  33.65  45.04  62.6  34.62  24.65
 26.45  26.31  20.59  17.72  19.05  21.26  20.6  42.19  84.83  45.811436  37.454039  71.922134  30.42325  51.273143  56.391911  58.638764  67.902991  74.788185  65.911215  48.280718  59.294055  63.279277  64.570198  66.28
 50.157359  50.22217  33.37  26.53  34.73  52.3  44.783796  53.368626  73.21  34.7  42.55  51.58  48.17  49.795775  55.187815  61.097362  44.238436  51.59812  63.462639  54.040124  69.608785  85.383376  45.43  35.66
 43.48  48.94  37.17  23.26  41.11  33.2  37.88  61.74  78.42  34.264002  82.09  53.741986  79.694169  108.280293  93.004441  68.105711  56.992443  94.359616  54.901819  49.731893  75.17  66.79  59.68  36.84
 22.96  25.46  21.35  11.89  18.82  25.62  28.925839  31.758375  30.516052  33.916905  47.623941  45.500351  38.198037  38.651713  41.38422  47.452939  35.951348  28.92322  27.058316  34.05  49.59  41.22  33.35  28.47
 31.77  37.63  22.63  20.61  20.93  23.25  19.97  24.88  44.53  78.143877  45.864623  31.967588  29.949002  33.656805  39.885625  49.565573  59.335263  62.496787  41.256572  25.797175  23.36679  44.166683  22.37  21
 12.54  6  0  0  0  0  0  14.69  22.26  23.29  25.395929  36.77829  34.797583  43.51  31.31314  36.946287  49.003299  67.458198  35.656673  15.770636  19.778113  25.733711  21.59  20.53
 17.86  0.21  0  5.08  14.48  1.84  14.4  25.677557  27.059591  32.490634  39.811424  22.94571  12.947621  25.813891  35.227436  38.525727  41.745015  32.801414  33.985003  43.117656  75.08  50.86  31.2  35.04
 20.573369  16.456869  12.86  0  22.29  21.15  23.83  30.92  39.05587  30.489558  26.600501  32.212127  30.953619  44.94968  34.762155  34.122037  45.457992  48.227753  38.259675  30.168085  36.69  60.68  35.73  28.03
 23.88  15.71  14.23  15.32  16.43  16.93  14.691644  11.516567  20.740461  32.173585  32.239086  45.675935  42.009039  43.542696  47.216435  50.606186  34.640277  33.52732  28.262874  25.766247  34.087002  45.556573  42.754182  21.761914
 24.605435  21.854505  19.865022  17.8  18.38  23.12  22.63  33.17  39.65  64.6  48.734098  63.583924  67.721922  57.58866  82.319158  70.234296  49.189798  52.37375  44.328894  40.923013  42.858055  48.187453  35.477819  46.558536
 27.92  22.570792  16.81  8.05  19.83  18.43  23.08  28.788  33.868879  44.64091  61.581848  68.950621  54.646032  65.779036  65.405211  52.054579  60.369249  62.69942  45.547044  25.837336  28.830423  30.06191  30.872336  27.066787
 28.351872  24.303094  21.22  20.90514  14.12  0.56  10.2  21.12  30.658185  25.396557  29.418097  32.370202  46.50575  40.664757  50.242056  60.883997  38.088728  38.358055  39.385708  38.857472  39.546266  40.499168  35.385309  29.86114
 31.824143  22.314823  25.93  19.559651  0.04  5.72  5.64  24.56  29.727196  30.352499  31.786676  34.486629  37.461493  37.433944  26.107892  29.720253  37.244371  35.178938  20.226359  21.671333  26.896959  29.642067  34.44335  35.093193
 27.357405  29.948239  21.327559  35.251744  25.371616  21.018851  22.8  42.43  41.42  59.804873  54.482787  73.087825  72.72688  48.453296  58.091677  61.252096  41.142156  44.740551  61.400913  45.971665  55.243985  77.319777  38.938127  42.695255
 28.960418  32.247274  32.416212  28.07  20.82  23.18  29.297879  29.138953  31.909401  32.160638  34.133806  43.749017  44.541605  34.713955  47.621916  45.063149  45.31556  46.443132  48.830018  33.675755  39.305239  35.379027  35.931593  36.66888
 33.51112  26.468262  19.12  18.97  20.96  26.556371  18.121855  28.700517  26.296543  33.291808  44.487359  57.49112  53.454154  51.086752  46.910963  28.24407  28.894899  32.297805  32.85096  33.886655  35.730632  32.320314  32.898956  45.318894
 33.194672  32.52  32.8  31.1  17.14  34.49  33.693747  34.515982  36.805841  23.97355  27.173388  37.806131  35.694925  50.999786  35.341272  45.000958  39.448657  35.359931  32.602245  27.423065  42.045459  35.001645  36.772621  38.189199
 33.85  33.09  19.782968  16.945445  30.723077  27.7  25.82  39.9  39.977776  34.764927  50.063355  51.228013  46.536752  54.484944  65.69487  68.677456  49.912728  46.689287  43.037309  41.14461  40.46126  47.362453  37.96  33.91
 35.708576  16.1179  5.248098  15.56  14.19  16.89  8.15  22.9  31.455854  33.988999  32.914432  39.005351  40.26389  27.406477  40.790366  54.850787  63.077252  58.116679  51.786637  45.351575  47.150084  49.46572  43.37  42.47
 42.527982  33.35  26.33  29.88  0  16.97  2.63  27.32  34.49  39.151341  50.552737  58.903958  59.394827  63.849946  54.902879  65.674179  86.782093  87.704294  76.853465  46.036848  54.586256  62.070834  51.620813  40.2
 47.44  45.27  38.722309  32.171731  34.17  46.32  45.05  39.86658  77.184413  36.801363  39.910658  41.725568  42.172195  51.612236  58.585601  74.214474  54.052387  56.089316  58.620615  51.166973  48.56  45.92  39.98  41.88
 28.21  29.67  26.76  17.36  18.6  31.18  31.91  30.44  33.05  31.67  42.860025  47.230025  49.22  67.31  49.91  49.01  62  78.404851  61.71  43.42  53  62.31  55.73  48.2
 36.03  31.75  26.22  25.564755  28.04  34.34  39.7  36.78  39.836651  37.961972  37.224705  42.54274  55.18335  55.488099  43.838917  52.617966  54.183145  52.40293  40.418228  32.099222  52.35  48.39  47.94  37.78
 31.08  22.53  25.87  4.04  22.24  33.41  33.48  28.08  46.352347  50.15834  40.746528  34.396763  43.743423  73.365734  53.748186  37.173513  43.383523  47.28075  46.431886  34.710996  41.217709  49.960386  40.02011  40.360756
 32.95  23.94  20.6  16.74  20.33  29.88  30.34  34.33  46.27  55.99  83.25  57.516849  65.766848  57.036092  59.01  79.42  89.29  79.72  45.06  37.050019  56.07  72  38.12  33.584375
 25.404114  30.566816  33.75  31.25  23.56623  16.081725  23.53  34.898521  45.102957  47.653926  57.051329  49.008552  89.811902  56.951012  53.951476  67.08808  65.916335  84.140747  68.876458  49.34167  50.703006  57.708147  41.04997  42.93
 32.677487  23.022678  31.94  34.4  17.97  20.87  31.94  31.68  34.27  34.602808  50.559968  51.72  44.61  36.549781  51.03  51.324923  55.73  51.5  43.36  43.2  64.068978  40.467263  35.99  35.88
 30.74  26.76  15.82  20.36  27.05  29.451542  35.31  42.3  41.67  40.93  41.88  60.57  59.31  79.61  59.96  65.316234  62.793016  60.215529  48.604688  41.778847  69.84  72.18  56.19  50.95
 26.22  39.49  33.24  30.83  23.31  38.198918  22.236167  25.981043  47.435941  38.328516  50.665705  55.14489  56.018869  49.394387  83.722473  64.70938  83.591692  76.548509  48.139402  45.246347  61.86881  73.642001  34.010665  39.61
 34.51  39.98  24.37  23.3  29.35  30.52  19.54  27.84  48.24  46.66  53.980851  56.217074  58.191063  60.096826  66.088196  64.236952  59.931657  62.190066  59.462827  50.714187  70.714476  60.199635  46.589309  47.46
 42.58  40.33  27.21  27.45  32.92  40.67  47.51  53.7  62.93  54.150301  66.58877  62.0102  67.627526  89.664138  66.652167  59.723662  63.293685  61.823611  53.109625  55.207463  65.893804  60.270154  60.61  57.48
 56.53  60.87  43.62  44.52  42.73  53.67  58.950344  60.782761  78.112067  62.370375  54.549726  51.445777  66.317731  56.319714  69.393472  85.605197  76.53706  62.830344  49.201123  37.963578  47.897907  45.730105  42.65  42.8
 38.33  37.37  39.44  35.5  25.03  34.67  32.64  32.93  57.42  43.42  45.809539  49.863491  48.83  49.75  55.87  66.13  49.056035  49.571851  55.387652  61.07  93.84  74.04  37.6  37.62
 25.58  22.93  18.45  14.01  0  0  9.92  17.86  22.13  27.813782  37.464561  24.932332  44.47  45.33  34.76  37.805073  43.84  40.9  48.59  44.24  63.05  66.42  39.57  36.68
 29.83  28.03  19.89  19.49  19.82  32.55  29.69  34.93  44.47  53.33  63.213113  50.207696  58.714255  49.017298  43.991576  57.923994  74.643796  52.146102  60.587405  44.88  55.08  51.64  40.12  41.46
 29.89  35.92  32.58  32.05  32.18  43.11  36.13  33.798892  43.991095  59.08  54.332911  52.240289  45.491071  46.772653  58.194304  37.744224  65.465027  74.179161  44.242794  37.527795  46.416319  54.850631  38.109102  30.774633
 29.377961  28.43  32.14  16.24  23.41  34.62  21.804039  30.83375  40.48301  35.665389  37.155607  40.34544  38.403504  42.944387  57.790598  73.668287  57.908548  69.464786  55.632335  47.585179  60.061894  48.785507  40.88  36.73
 31.47  18.22  15.51  17.4  16.72  20.19  21.8  25.14  34.612414  34.643538  27.944525  53.95947  36.730743  62.400228  42.047645  50.665017  33.723108  40.706038  37.362198  43.604383  53.417832  45.569738  62.59  45.251835
 52.21  29.63  26.28  27.38  42.26  46.23  38.41  45.5  67.78  45.094463  64.150792  71.10064  61.545889  65.463756  67.859809  53.947759  59.766523  63.371361  66.643567  58.713874  62.234858  45.885595  49.919922  31.957573
 37.493989  46.68  41.4  38.93  36.087791  35.796907  33.933434  52.48  36.701224  44.94686  42.521369  39.419888  43.624501  38.607718  37.790044  43.405586  44.096851  38.468116  38.528777  36.233397  37.963517  32.386655  24.974758  35.460409
 37.35093  37.665792  40.883563  37.68  31.62  38.27  30.712273  31.094785  39.972026  15.812564  35.130401  37.483332  41.235673  42.518476  54.751642  44.66509  63.42  86.33  74.500563  56.739362  68.474055  66.993795  41.425931  38.560896
 35.146432  38.38289  25.381499  24.08  33.77  51.127493  46.68  59  51.004809  43.862419  68.921834  66.417285  69.639917  60.516823  66.79758  71.8136  63.99882  49.745656  53.345728  48.325955  51.159845  50.269726  44.977459  43.140376
 27.184025  27.116436  25.240538  22.139587  25.601971  35.199972  34.73499  24.290769  27.539673  35.388376  55.776397  56.250882  60.062814  63.275118  70.366354  74.075272  76.371277  65.372752  64.788464  56.979121  56.469704  56.877417  46.964716  41.099536
 33.424378  31.271033  28.593754  29.120508  29.89681  37.076418  30.290694  36.757958  78.780316  48.897843  58.684587  66.372062  52.531005  47.747979  57.604122  52.42462  50.391888  43.09506  44.91194  52.697052  35.493207  40.140352  44.220381  31.793368
 35.133406  31.296856  19.558986  22.73199  30.703527  38.922099  39.22884  24.295724  36.244735  27.380701  21.060195  30.199045  40.036302  46.998268  42.892173  41.078875  37.284081  30.519183  28.939931  27.911477  33.41747  25.54949  12.102042  29.074002
 22.65848  20.610088  17.160921  10.426203  12.549907  22.372106  39.789363  30.505791  35.034706  42.526194  42.051913  34.611568  37.05  37.8  30.62  31.344986  34.660263  39.63012  27.761326  20.66648  33.143524  30.611992  30.95  17.39
 12.44  8.37  0  0  0  7.49  17.89  20.65  22.32  28.83  23.223226  23.74  21.59  27.07  29.13  23.78  22.28  25.2  25.22  25.53  35.587554  25.18456  15.05  10.8
 3.95  16.15  3.53  0  0  0  0  6.04  22.01  24.22  32.47  33.84  31.47  38.5  40.04  40.05  37.948239  44.23  44.45  25.320338  52.301753  57.24  29.36  27.55
 21.92  7.360257  16.872988  4.24  20.76  24.2  21.32  29.5  43.31  30.98  46.56  47.218803  47.20999  56.89034  54.677112  49.963502  75.976169  63.276713  37.202873  43.686824  54.504187  51.97  34.98  29.638162
 18.450003  20.918834  16.586398  12.11  12.56  20.21  33.31  29.404168  31.954183  38.624304  32.840243  32.460869  33.332277  50.030958  62.540289  52.838554  40.222227  36.392008  34.775043  38.556096  43.134508  35.681747  43.544849  32.345624
 33.075116  24.631381  19.9  19.36  22.08  38.82  35.845038  40.544693  65.859944  28.033791  41.355003  68.65361  56.886745  53.581991  55.071831  50.821022  27.21893  48.635844  33.719076  34.670485  48.34817  48.588631  30.92371  34.520099
 34.77  30.22  30.85  29.770756  25.428342  31.68647  38.132952  37.34164  64.413323  62.81841  41.871737  57.062289  40.604247  56.241461  84.305695  45.966005  43.747172  41.504201  45.893823  47.86234  47.814096  41.382502  34.482494  29.281519
 34.389268  31.3  28.17  25.02  32.23  35.584467  36.543982  28.013662  29.578861  40.486143  33.443  55.22393  22.196053  25.10748  24.927195  41.543021  25.136684  28.933867  34.934232  36.370919  37.803564  42.010748  31.746354  19.7
 26.8  23.316324  19.53  10.55  17.66  19.57  28.94  22.17  28.81  35.23  35.163216  33.453287  37.07193  36.91  30.31  25.182322  28.38814  31.28  23.439042  31.094123  34.443596  26.827248  18.410287  19.418397
 13.544429  7.896908  -0.477747  -0.567791  -0.919212  0  0  8.73  21.39  26.462279  27.19505  32.176722  32.98  34.031766  36.559138  27.5414  34.469276  33.802703  31.679623  27.64803  61.847692  45.08368  30.42  35.745757
 29.648619  25.537355  22.415479  22.171147  24.626445  33.824856  29.013469  30.61  37.090767  33.039031  43.07911  35.81648  49.615576  58.879009  43.749692  43.435769  52.611439  42.330837  39.205623  34.054551  48.549797  36.799152  28.444772  31.062028
 19.16  18.54  14.84  2.22  16.44  26.21  22.81  20.13  29.93233  38.161447  35.209567  37.462169  41.324722  47.409981  55.242624  45.736367  38.829367  39.754531  43.377973  35.508757  44.112175  39.14  34.07  34.61
 23.95  26.12  8.86  7.5  23.7  27.17  30.349712  35.62  33.385099  29.992233  36.707964  36.713898  37.563504  30.29773  38.166742  34.988484  31.220591  38.395303  32.786615  31.637812  36.361587  37.481111  40.758732  34.632335
 31.763369  27.31  22.85  23.52  23.76  33.207791  46.499081  37.694248  45.423331  34.855448  42.637079  36.539639  41.100194  43.829224  42.281863  58.413176  59.124997  55.823523  35.884111  47.374388  54.392184  54.539419  44.349989  51.225621
 41.557293  37.37  35.811007  35.93  36.472672  40.162859  42.355689  45.43  54.844658  37.791229  45.732114  68.307347  68.485783  69.506484  65.788695  47.058877  37.924322  41.99143  49.707599  39.635504  43.162846  47.182137  38.256732  40.983246
 37.395008  30.383261  41.89  37.05  38.13  38.07  41.28  31.127762  46.571827  32.469771  38.842815  40.882931  32.082661  29.156908  33.691564  30.123474  25.412142  24.620943  25.54001  28.843835  38.398636  28.292612  21.04  20.65
 15.94  0  0  0  0  0  0  0.92  17.69  24.72  28.27  33  25.703533  30.052531  27.074218  28.814836  35.255912  38.56927  36.21  35.27  42.073592  31.14  19.84  18.24
 1.39  0  0  0  0  16.99  13.03  18.82  30.68  27.906055  39.91  44.4  48.83  63.26  83.63  68.77  59.01  73.1  43.97  36.62  57.28  38.86  35.08  37.18
 25.05  24.36  21.8  17.201573  20.13  34  40.97369  29.037679  56  37.112134  30.152445  46.201737  51.441704  58.908902  83.333316  51.984218  77.37488  48.892992  46.243861  48.683164  49.293666  49.28  37.66  34.97
 28.552391  26.985918  17.21  16.15  27.53  35.63  50.697568  29.52  33.443396  45.024663  36.359487  36.412219  50.480458  76.9  48.406391  48.467314  59.447252  52.253045  39.321415  42.32  59.566915  45.66  36.9  36.49
 23.79  27.25  19.45  19.54  21.47  31.8  38.34  26.87  41.24  38.78  43.699996  38.37  32.58833  46.964238  60.575855  67.934323  59.656563  67.697105  51.664083  54.569155  61.706802  51.48  43.71  35.2
 32.204427  31.97  29.41  25.42  23.91  39.33  47.52  41.81  45.774539  46.56  51.05  80.703466  83.055957  78.519669  82.308034  77.970125  78.016289  74.390533  56.703938  44.09742  59.240804  50.386599  53.856957  45.276853
 39.82  33.63  26.41  24.93  26.54  28.08  28.07  28.72  36.862649  32.663441  66.665469  78.065403  49.406521  82.459332  65.184968  50.213948  46.949787  50.493117  56.941569  50.952409  46.597521  49.402071  36.30246  49.345772
 39.836396  37.72  35.24  33.65  29.7  30.86  23.47  28.61  45.96  59.881903  42.993819  77.084579  67.063124  69.411323  39.471768  67.652516  76.950128  65.518162  52.637185  59.988583  82.650589  50.480012  52.013278  43.39888
 40.444215  51.7  43.62  36.57  35.23  45.14  56.568074  47.479401  53.929362  38.435454  34.417622  37.385806  57.774717  52.959976  34.13272  36.134473  40.992613  46.263247  45.888195  42.748257  39.60104  39.199413  55.105266  40.553103
 38.230592  39.05  36.56  34.03  37.14  70.79  58.91929  37.417551  44.827366  31.954654  52.492776  42.645231  30.019924  25.262165  39.581519  48.734903  35.548403  52.911393  48.066277  29.134354  41.39  37.15  30.499471  30.73
 25.8  27.61  16.51  15.78  9.5  28.7  33.242054  30.31  32.401147  40.094937  33.846342  46.678362  41.320104  41.415299  54.279728  59.728162  72.467413  43.59843  40.450633  44.08679  61.35002  40.2  37.77  28.21
 32.26  22.18  17.9  17.51  23.8  35.66  41.99  28.347081  33.268839  41.35  38.503583  37.205459  54.851097  57.406767  59.43  68.04  107.35646  77.47  41.8  50.8  61.56  41.35  36.8  29.12
 29.9  21.52  20.47  11.807208  16.931682  31.203359  32.933362  36.63  40.57  39.93  46.21  60.63  62.376883  65.726268  72.220681  78.6865  72.460665  64.830638  56.400673  46.930464  47.300865  39.091915  34.38  37.64
 28.89  25.73  19.041744  18.838417  17.232503  25.72  17.82  24.65  30.65  34.19  31.936252  38.414327  64.218745  48.736863  51.40126  69.236444  68.530658  71.393619  41.529886  39.86324  44.308268  37.072216  42.508614  38.45936
 33.539266  32.361451  29.437376  16.980659  13.225366  3.2  21.39  17.84  31.585638  33.090414  34.060023  40.02  41.6  35.78002  36.2  36.91  37.07  37.48  33.35  27.51  23.87  20.32  25.46  24.07
 4.54  18.34  16.21  14.7  13.07  17.61  17.12  17.19  27.21  31.27  34.49  34.06  36.08  34.24  36.25191  36.37  39.351516  42.52  33.34  52.09  50.01  39  33.92  27.92
 26.07  20.86  14.66  22.59  27.07  32.92  46.56  37.17  38.63  35.62  39.35  55.91  57.88  51.792773  43.154257  44.737622  31.150104  45.427734  38.544763  59.362395  66.39  46.46  38.45  30.58
 35.97  32.91  31.16  29.01  29.99  41.43  63.22  44.39  47.74  31.633205  34.442796  51.010014  54.401176  31.695547  33.609989  38.001524  32.505227  38.16108  57.755872  80.434747  44.41165  40.676853  39.723306  40.4
 39.18  39.98  36.44  30.78  34.47  35.035923  58.326937  52.068909  45.58  36.954577  38.904323  49.426774  42.303366  38.568803  28.159175  32.856578  35.240207  32.481211  33.502078  36.473336  39.87  37.01  38.07  28.79
 11.91  3.4  16.6  7.29  16.03  35.83  30.64  28.3  31.12  39.777  37.23  40.260012  34.610465  43.590172  35.25459  30.590408  31.89918  42.587772  36.83  43.910594  37.34  29.006907  36.53  32.82
 27.25  34.79  21.61  24.7  32.65  32.83  35.43  30.25  35.85  47.42  48.98  47.52  52.63  55.06  46.61  50.3  44.03  42.58  35.65  43.66  38.85  35.63  37.28  30.41
 28.76  19.63  17.61  17.42  16.66  16.24  16.58  18.65  29.95  34.02  36.27  45.02  56.75  60  60.47  58.02  56.8  76.21  40.28  73.72  75.86  44.03  37.17  29.03
 32.41  21.08  22.42  27.38  22.48  35.31  73.9  55.92  34.55  54.62  53.95  80.92  78.86  77.196059  51.845732  87.450685  111.218874  102.686603  44.552876  75.176201  54.667463  39.51  40.28  35.39
 29.44  24.16  19.5  17.53  26.09  33.88  40.792072  22.092163  37.580669  35.26  46.18  51.31  41.929151  51.70138  50.17  51.03  46.48  44.54  42.63  58.46  46  40.85  39.78  34.47
 21.58  19.54  21  16.41  29.22  35.261101  44.879265  33.08  40  38.027608  39.67  51.367986  48.26  60.33  41.91  42.93  43.6189  40.79  54.89  91.98  62.68  31.22  37.17  34.88
 36.61  27.5  27.44  27.02  26.35  42.24  58.78  26.826148  36.522105  40.039944  40.140553  27.831969  32.500838  43.846387  68.100053  66.376454  63.648755  46.316728  30.676556  95.042788  80.867652  54.325688  38.84  41.98
 38.94  36.5  33.42  40.113259  34.492216  52.723552  76.49  42.32  45.161139  53.13  93.87  88.3  48.4  72.621129  95.19  79.82102  55.456935  70.544378  128.38  120.361782  110.37  78.398191  64.501576  59.32
 60.17  53.74  48.31  46.44  41.51  62.81  49.8  41.4  61.58  60.42132  54.69  43.17  31.35  44.51  54.38  42.5  55.28  38.77  38.51  62.97  43.09  36.42  34.37  29.3
 34.52  28.37  14.63  18.47  4.53  29.39  19.95  18.09  33.22  26.59  24.1  41.1  37.77  35.87  34.48  30.73  33.35  36.84  30.57  66.63  40.83  30.96  17.43  19.16
 8.73  3.77  8.79  0  3.56  18.01  32.65  15.01  32.55  36.87  33.66  36.93  32.89  39.16  50.7  38.76  47.28  39.7  24.58  42.18  37.31  22.85  20.88  22.71
 9.39  17.55  8.81  1.74  21.73  26.29  46.77  26.97  36.17  41.57  45.424455  44.645002  39.773252  50.51  59.026325  53.185413  59.38  44.86  56.71  70.1  62.97  35.979066  26.133994  39.34
 19.57  15.98  19.92  16.58  21.15  31.55  53.23  22.48  37.32  47.84  42.23  49.26  37.48  38.75  62.392738  64.82615  67.263302  54.32  40.17  57.24  43.02  37.92  35.42  37.4
 26.35  23.53  20.96  24.12  15.04  28.190381  46.030123  34.52627  37.483978  39.361956  36.47591  40.105163  60.087166  49.076781  50.853536  83.281209  68.936261  64.621505  52.704702  86.563519  99.437619  50.975441  44.848151  40.5
 33.44  24.33  25.65  21.44  26.03  31.19  55.57  36.35  40.7  40.25  38.397962  46.802751  60.941956  63.497788  80.3379  48.751355  61.67979  40.948168  30.556469  46.02  35.7  39.32  50.8  33.73
 32.83  34.3  29.18  28.29  23.82  32.12  33.45  34.06  49.16  45.02  41.32  53.28  42.47  52.43  63.03  53.85  46.54  43.03  42.64  70.52  59.65  39.79  42.97  37.87
 37.07  30.14  23.24  19.02  19.62  19.61  34.05  34.83  42.28  38.19  39.02  38.12  37.39  39.42  38.96  35.37  39.99  38.73  38.66  80.38  65.66  39.22  36.61  34.87
 32.65  33.16  31.77  31.98  34.69  36.97  63.73  45.85  43.58  61.34  70.35  61.637986  59.922777  65.384594  55.769822  60.327378  54.49671  56.309255  80.083248  117.27  51.3  43.51  40.88  36.89
 33.13  41.11  37.45  30.54  46.09  48.65  59.38  76.491642  65.710716  70.640501  86.64  70.33  59.345009  102.360486  56.53  76.37  81.45  76.847941  88.967469  77.461343  47.26  38.13  35.83  29.59
 23.36  34.97  19.57  12.71  28.42  42.33  41.874125  38.642115  38.232781  43.043004  48.833488  44.79293  48.27095  50.709233  47.154875  49.206748  66.644741  52.72727  45.579935  93.400361  79.16  49.56  38.43  27.49
 23.558972  23.261172  14.231978  20.18  25.64  30.96  48.561628  47.212947  35.020395  30.581314  51.367832  61.61802  60.548347  56.633424  77.871326  45.723769  49.00769  43.189558  34.632727  63.722533  46.410139  36.584598  29.6  18.67
 9.05  8.44  13.43  0.77  14.53  28.7  36.22  33.544497  35.72475  41.760419  40.120926  44.151276  36.359162  37.127147  43.25284  43.477399  38.616074  32.566272  32.671793  42.460829  37.522821  32.659094  25.648054  22.75484
 23.75  21.96  21.8  17.34  18.37  23.73  29.426198  31.592789  36.365868  40.926821  54.937051  37.314511  39.284457  39.328555  36.917852  28.892762  31.719495  38.189913  37.147172  49.294411  32.792995  29.057073  21.359987  22.95034
 18.64089  7.75  11.95  12.686683  6.63  12.652568  15.705296  8.37  36.93  23.513879  27.715152  33.714893  32.077552  23.56  27.695007  32.868237  23.83  26.285959  30.233368  47.652661  33.23298  27.4  24.54  19.12
 16.07  10.87  15.54  9.4  15.33  25.12  43.703938  44.243269  45.62  42.47  57.108561  56.801792  48.827615  47.758499  40.199703  59.141526  50.892412  40.368472  44.58161  98.962041  67.791355  43.84157  28.77  26.497368
 28.501826  25.355613  16.901372  22.553737  29.031663  34.516306  46.352235  36.473703  37.48  36.17  37.77  37.67  38.27  37.03  35.46  32.23  33.58  35.72  35.7  55.56  45.75  36.09  22.57  30.53
 24.992539  17.72851  17.350785  19.475152  22.62796  29.717621  41.244287  43.08  43.166395  41.387824  38.974685  42.71621  43.215113  42.946672  39.276135  40.472188  37.83  35.25  40.08  70.48  55.72  36.62  20.27  26.246514
 26.49359  16.724051  26.869269  10.401463  22.460049  39.10075  52.00105  38.61  39  41.16  42.83  45.101868  47.283719  48.6  46.67  46.38  47.663303  37.81  48.853337  69.109344  45.87  42.44  25.62  29.07
 22.092034  22.106473  25.326213  32.46  12.92013  30.651351  38.421683  36  39.74  47.31  51.357626  60.282515  49.694658  61.428614  57.249069  39.49  40.625049  37.53  38.500641  36.58  36.7  35.86  18.98  22.97
 15.29  17.83  22.23  27.83  14.31  28.961746  25.100985  26.429036  28.660051  34.55  29.08  32.47  34.41  32.74  26.38  23.28  27.29  30.53  45.662836  35.826172  30.07  25.12  26.25  19.52
 15.66  15.17  11.3  0  0  14.61  27.52  16.18  19.4  26.39  26.03  31.57  34.53  19.89  26.21  26.44  25.63  27.83  36.29  59.56  28.12  26.37  34.9  19.83
 24.85  23.25  0  0  19.7  18.68  32.73  36.658368  37.54  40.67  37.14  46.443548  39.08  42.58  35.81  35.57  36.43  37.66  43.46  57.54009  51.97  33.1  27.88  21.62
 19.22  21.497861  23.359506  24.907288  29.62015  31.842587  47.668278  48.256416  36.819159  48.346927  37.923276  35.831321  39.236397  40.217451  35.344515  31.928603  37.053021  35.445848  49.569433  45.867003  38.48  32.7  27.32  23.68
 15.38  15.48  0  35.61  28.88  24.177399  46.159129  44.893958  38.156758  38.42701  41.381473  39.000989  36.193138  39.541451  39.309522  40.434203  39.619391  37.084239  42.721071  51.24905  42.589247  34.2  25.87  20.47
 23.897337  8.61  22.41  13.49  21.68  38.792469  37.57  37.93  39.45  35.25  37.615252  40.605862  38.610921  34.93512  35.75267  40.234578  45.365237  38.987981  47.333694  39.605049  38.293001  25.79  30.1  25.43
 24.407062  28.678423  1.14  0.950027  32.432944  31.673316  41.709115  40.1  39.02  38.63  40.08  44.16851  49.966822  37.736915  35.645209  35.986573  43.219777  38.98  52.789405  45.665521  37.18  36.15  33.1  27.048604
 28.699118  27.059231  27.612596  23.676287  26.081722  28.033874  27.69  29.46  46.235302  38.588241  34.19  34.94  34.84  34.03  31.47  29.621245  31.549746  33.271657  33.33  38.05  34.97  33.77  30.82  26.75
 27.414589  33.398754  26.587865  20.378893  32.695168  24.200581  19.95  31.173721  31.453523  34.767132  31.99  31.31  31.57  31.267092  31.72367  29.643625  27.981548  29.763274  35.908443  35.94776  35.99  33.98  31.769396  32.930034
 34.494754  21.941635  21.82  33.285362  27.168329  34.503217  53.189785  91.682767  106.23  73.48  48.04  56.72  58.58  64.73  50.1  38.83  40.08  48.39  94.5  130.85  55.05  38.12  29.08  31.87
 30.452419  15.65  15.82  17.23  19.41  31.135489  60.24908  48.892704  43.55  79.699863  93.603567  57.930363  45.535969  75.627704  50.923903  38.971439  71.30667  90.175436  81.227072  115.64  64.793168  64.055275  40.580078  48.405635
 37.134145  43.457609  20.8  20.907762  24.183451  40.889184  65.877934  68.44247  34.987771  51.887788  56.32  42.791235  44.732247  44.595866  46.95604  40.252592  40.967067  56.868986  88.172488  72.545082  47.27  37.03  24.029832  26.333294
 36.712789  22.513108  17.451039  28.459241  24.612581  37.372848  73.218391  68.580526  38.01  43.17  46.69176  45.455264  40.92  41  38.54  38.025902  56.24983  54.280726  66.211048  94.571963  88.9  44.78  34.438673  34.586447
 39.095267  31.517156  27.789858  20.058284  28.979619  44.392819  56.041117  60.030692  83.619753  48.64687  46.552046  44.468546  60.80881  61.268411  58.668005  38.32  36.15  40.58  41.34  45.49  41.43  38.67  35.3  33.73
 29.747837  30.169128  29.846918  28.198451  24.067097  27.451885  34.849582  35.185125  57.755092  45.876942  55.660596  40.93964  36.312713  37.014605  35.42  30.281548  34.312914  39.710154  61.704705  36.63  36.428849  51.203715  38.799612  23.667981
 31.59698  25.888172  23.720221  23.256365  23.127173  25.224954  25.864801  29.901793  40.121303  44.604865  37.174327  37.699809  35.43  34.72  34.11294  30.223089  31.643363  44.029452  59.406026  81.75  33.96  35.92  26.485697  20.90446
 21.555388  13.92  16.47  19.99  17.355897  18.220242  65.854946  77.200089  38.657313  51.647164  74.405846  71.239389  40.733404  41.60137  41.219493  43.954685  61.50432  42.069382  82.306187  52.274344  41.497716  38.77  24.48  20.612363
 16.759062  16.5399  7.358299  23.738404  29.322447  33.96059  50.115897  54.69513  42.864415  53.113437  56.366996  58.893858  68.110475  54.406682  46.177785  41.42  42.88  43.97  75.916088  106.88  57.970685  44.950892  31.575483  28.850421
 28.658303  25.840079  22.593629  19.699097  12.213502  27.693191  60.842701  55.941949  47.75257  43.690969  40.62  43.25  45.5  46.517642  43.068522  38.51693  42.897737  39.176866  53.840086  74.44  48.639185  39.687313  24.065475  24.910328
 16.874165  16.860632  30.115147  22.522356  20.320497  27.775318  59.773526  57.919143  36.14798  40.69  34.974387  33.380565  53.306956  41.337969  30.768796  29.851711  38.403446  38.111178  41.124898  46.747627  47.080729  41.49  25.132211  24.613285
 29.448501  34.113087  29.203841  22.118914  31.290847  33.692711  56.257699  54.133533  73.450604  54.416409  78.983845  48.440139  58.919167  56.90851  61.928205  45.736883  45.602656  60.487074  78.089244  111.07  42.44  40.53  34.92  29.96
 20.339317  26.24  25.461498  21.153677  17.88  22.12  33.72965  26.71  46.725283  48.373008  45.63714  85.465509  59.104552  43.450365  36.332912  32.983966  38.174283  36.534134  58.172721  36.482403  35.27  52.869217  30.800165  30.90112
 22.058042  25.744072  29.657019  16.623639  25.707488  20.094892  29.543354  32.948195  36.637932  33.96613  35.800385  35.870734  35.56  39.26148  31.879704  30.519369  35.262401  50.363018  34.01  35.198648  31.360917  27.22  26.179353  14.097974
 20.09  29.603057  31.492401  29.171545  30.187874  32.772357  40.78138  50.07  74.17  90.1  73.15  60.82  60.48  66.14  51.745466  53.109308  56.812185  113.275632  110.72  50.822716  60.79341  47.167397  20.889635  25.51225
 21.93  25.290794  20.376434  31.571988  30.646007  32.381091  41.291246  39.491647  44.924626  54.881109  50.264544  52.745393  71.68073  78.841465  40.983467  33.883029  50.509103  103.999836  62.420945  58.360949  52.75  29.22  18.62551  20.992941
 18.89  17.67  12.26  10.67  11.03  24.779634  38.793475  22.922269  23.565415  30.943364  33.895754  25.412269  27.751689  26.54459  21.903656  19.797523  20.874565  50.526884  48.620859  51.299525  38.967462  28.128789  20.829696  20.120463
 25.376574  19.617386  18.96518  19.116644  24.966473  34.920049  41.26443  47.319682  37.33  51.67  55.208128  62.786405  46.47  51.47  37.067549  38.753046  55.663694  85.566382  148.539285  71.86  65.28789  40.27  31.42  26.596803
 15.429799  14.01024  23.780704  19.470017  20.507203  35.706198  44.396774  52.32  49.58  38.285108  27.344787  36.040553  34.879302  31.72006  28.713429  25.347629  26.588036  45.513374  50.426832  37.15087  41.930208  39.323284  29.328573  31.56225
 25.37289  30.384379  28.28811  26.898225  30.907577  23.952489  24.187374  22.506424  33.47599  27.973928  26.950991  25.196267  23.227589  14.598826  21.426209  18.018921  26.346971  47.871352  31.124091  22.384296  25.399896  26.456139  23.913348  25.162439
 23.467935  22.882933  19.850624  20.610629  20.447625  21.67655  11.076324  18.965882  29.43223  30.243738  29.728623  23.574143  24.271276  23.10509  19.009432  24.520658  29.555791  39.094677  37.899789  34.718515  27.883624  22.344583  21.78  16.762996
 19.969637  13.24  8.32  4.99  19.62  20.818524  42.654356  62.484786  56.149355  36.69234  36.35168  41.509741  37.395311  35.637565  34.863196  36.337509  38.446299  84.474612  93.399232  57.608007  65.236863  49.993493  36.217907  28.219127
 29.229449  25.802  28.07721  27.192145  27.352083  36.101578  69.645639  34.14  35.49  40.012437  39.106569  36.899274  35.11  35.664553  26.22  22.62685  28.82  77.372166  51.680916  58.894789  44.980641  44.306761  33.718437  42.550733
 29.841192  34.700506  34.642819  41.056838  39.753923  53.451563  115.400932  76.322043  75.732654  41.714152  36.00657  46.310281  36.403053  33.365475  34.77485  25.287076  34.324063  79.629334  55.537368  46.136988  54.36  44.01  33  34.065362
 27.029585  27.285234  16.721918  27.533006  28.211415  21.819527  46.726686  44.107752  40.652954  50.192659  54.551555  44.268094  37.046428  41.291169  40.886127  34.261867  43.096105  79.955303  70.657056  45.825602  68.560842  39.62  22.26  20.17
 24.326812  17.84  23.86  15.73  16.835743  35.153251  53.478729  55.602619  61.485751  60.74  61.797238  78.09  47.14  44.57  37.270372  20.617844  29.730182  32.639102  60.817777  38.17975  50.956736  50.19  21.95  24.704067
 30.589228  26.846597  30.696744  28.977217  27.962863  34.324644  28.575885  28.487988  38.80668  48.654201  38.834177  33.797587  33.781902  30.091641  25.35455  32.776798  28.29898  57.553938  38.597438  32.259995  34.57  32.656142  28.761066  49.30161
 24.785098  32.786376  29.062535  50.897451  44.769345  36.17193  31.178611  38.645225  57.19833  51.494914  28.923326  25.195766  31.367946  18.143583  22.5189  25.36  30.196457  55.89749  47.43  44.09  49.511467  30.171565  21.426592  22.93
 28.513465  34.208417  33.705132  30.169843  20.936882  30.997374  70.638739  76.728009  48.510769  67.624384  38.951805  28.361393  29.116599  21.893071  23.270825  22.337089  28.365398  69.327952  89.225855  73.455601  70.151723  29.353721  20.949307  25.741571
 29.611468  26.409107  15.878718  8.028383  18.074431  28.123172  61.429451  60.656873  30.14095  29.361502  30.685167  35.925142  37.088165  35.464307  20.567651  22.667623  32.440014  75.322816  65.258151  59.874613  71.399672  42.087138  19.973068  19.413936
 23.5  25.9  22.9  21.645036  24.841865  33.339395  65.153081  51.888918  33.573059  35.124186  30.952325  27.445696  31.854991  32.837066  32.313607  27.847714  45.480604  78.658591  87.363874  51.489759  49.096305  49.448167  25.269928  25.463466
 19.412742  19.253215  17.444884  25.520878  9.164438  21.017231  48.530987  48.889539  28.766095  36.287216  36.937726  36.200685  29.690395  33.52803  42.134188  29.409701  39.448261  90.785052  49.52  70.83  86.87  46.28  31.5  23.06969
 10.561996  20.64  21.61  24.766313  13.96  28.926503  34.789932  38.01  38.293323  45.559279  52.152827  41.380989  33.577693  32.592054  29.280142  28.134899  34.20757  46.371915  48.523807  37.42  43.492982  44.264794  29.197859  26.386062
 24.570091  21.770742  18.59  18.04  18.76  25.848212  33.547558  27.588153  49.993876  52.594364  54.102577  52.766195  40.608788  31.317668  29.80623  40.886675  57.148916  76.606754  50.528444  36.242703  36.668225  33.029992  28.344458  25.704684
 27.035961  19.768702  17.88  21.267957  18.88  14.14  21.38  23.926441  29.718024  28.963916  30.553378  30.087532  29.937557  27.36019  26.747949  26.415107  33.749554  55.351814  53.746421  41.798309  31.107935  25.397508  23.330188  22.89
 20.82  21.754554  23.33958  21.994693  20.401256  21.698453  43.627632  33.66  35.302211  39.506124  38.488221  35.077446  35.046804  35.887596  38.965727  36.049743  35.681191  48.677574  41.713687  43.24  41.4  33.435865  26.07  30.624759
 26.211028  23.96999  24.244572  21.535976  20.42883  31.578708  44.47191  63.064392  42.8  54.57  53.668071  46.377266  45.435987  51.165959  34.307172  34.207076  30.40537  43.447664  44.73  41.84  45.07  38.82  20.011135  22.914029
 14.69  25.10226  21.975071  18.427535  20.92591  19.186303  31.418427  35.093867  33.812485  47.183623  53.862187  38.380176  38.689552  41.200303  36.94  34.62  54.115365  75.52  28.860826  42.54  34.24  28.31  15.470703  18.02
 12.72  18.58  9.47  7.17  13.6  9.5  14.58  22.18  24.024928  31.85636  34.698613  34.407129  40.262296  29.230992  14.975919  15.68  18.79  32.67  34.23  24.27  25.758719  25.385943  30.107139  22.58
 19.387838  24.322416  20.978336  32.808595  28.719346  32.015778  32.281276  34.074419  27.379614  34.566578  29.558629  23.823739  26.147101  28.242635  21.659643  22.8  46.637293  38.38084  27.47  29.35946  33.814258  34.80366  24.267857  25.882149
 23.936214  23.716081  22.925763  25.852629  19.790322  17.683039  22.507286  32.940657  34.050446  27.319608  31.238958  24.694054  22.09  23.975335  22.78  28.380444  27.98472  39.726163  28.005007  32.66  32.48  25.055254  13.77  18.325964
 15.98  1.13  12.88  21.991102  17.02  19.47  14.49  15.32  23.6  30.486393  30.447084  27.076967  20.466333  14.86  17.79  21.694733  28.574222  35.00165  43.529401  38.02  34.779417  38.601401  29.245078  23.584585
 21.498589  24.834581  24.450807  21.974988  23.36324  18.445718  38.13156  39.601418  34.98  37.24  46.9  38.65  30.11  29.92  25.08  33.53  36.10988  87.695373  93.9  46.230641  51.63  41.77  21.33  22.975833
 19.768149  15.480564  23.65  23  20.435639  29.579677  53.554859  35.3  34.05  34.68  30.471675  33.4  25.725217  26.95143  31.174961  37.62  28.102981  43.18622  46.567699  44.303789  49.926198  29.311039  25.54  21.4
 23.488812  12.061939  17.02  19.53  23.555477  28.156267  46.490172  40.606169  34.326129  34.56  36.002443  33.711909  31.496873  30.762588  24.170348  31.117291  38.802298  83.278355  133.49  81.27  76.83  68.7  32.64  28.576895
 30.331487  25.757568  29.285379  29.390524  32.14818  40.472118  81.790319  68.48  51.397126  48.877726  37.525954  30.57  27.365099  30.973374  25.271456  21.65  28.689686  69.67  91.91  78.49  72.89  69.52  33.386743  29.866655
 32.397632  31.535026  31.168787  33.825317  37.115122  48.306815  96.508263  44.6  46.27  48.67  36.71  37.614418  30.980057  31.152109  32.013648  27.329012  30.874917  61.214362  45.27  58.35  71.5  46.904404  33.488682  32.252265
 30.653905  29.453411  31.052406  34.577641  33.653098  35.42226  49.22015  47.540933  57.5586  35.317601  35.271742  34.330005  29.349666  27.113734  27.993572  28.77794  31.585623  41.148024  37.780455  35.452159  40.777843  41.055068  31.10685  31.176814
 27.167173  26.1685  27.545734  25.33749  23.331554  26.143596  29.672111  28.249785  30.124012  29.224179  22.037303  28.245639  22.144771  21.781048  19.13  23.36  28.045155  34.518403  35.130254  37.046401  54.210599  29.689307  24.454299  31.059615
 25.865122  26.162209  22.093085  23.767985  22.282746  25.032451  40.417607  37.295821  37.437935  36.673371  34.683313  29.465035  31.885037  32.676938  33.015737  32.283826  32.188677  35.645821  53.342741  34.794886  31.270949  28.856907  25.656351  28.142979
 24.698561  22.674637  13.398551  12.065675  22.973903  20.472753  26.25298  30.008724  26.615075  29.883061  37.359094  33.57197  27.562101  30.808086  30.357302  28.990252  31.34089  52.491102  45.378598  30.28055  30.654384  27.171978  25.755344  24.738497
 20.279651  18.581163  20.97487  17.704799  22.140193  24.770679  30.643628  26.631442  27.832045  25.90527  24.416003  26.263409  27.291601  27.279543  24.485143  25.333456  26.117238  79.432858  75.78  67.74  55.13  44.560966  27.590155  27.717565
 22.300883  29.825304  34.046878  28.878601  29.567784  31.241957  67.145123  54.26  27.635529  31.061948  34.343474  33.354181  38.781935  46.517396  36.523985  43.66072  51.211232  104.960588  63.23  42.83  56.31  44.350571  25.966274  23.89523
 21.23566  24.963619  21.343962  21.495705  20.966414  27.952659  29.533381  31.840117  32.896192  30.868436  29.436046  31.176053  29.860687  29.10394  30.200294  29.548996  27.955552  33.757111  35.020699  35.96  36  30.35489  23.95816  24.321695
 26.582521  24.908355  20.04684  18.796656  20.944114  23.204472  25.152547  26.750822  23.325689  24.52528  34.18144  26.801436  29.093276  26.230032  24.088543  25.442961  29.905139  58.146575  38.275039  45.741676  44.483334  38.806212  32.989945  35.708199
 34.225372  28.310118  23.089392  24.246014  25.405726  26.249111  26.747852  28.882012  30.939816  27.655053  23.494212  22.359205  20.586579  22.108044  17.796637  21.197241  28.429276  33.976078  43.279094  53.66967  62.894568  49.593379  29.675535  27.498012
 22.843371  19.050314  22.063114  23.507178  17.318074  21.430184  34.026828  35.324617  35.225193  45.458155  41.476023  35.912255  38.686964  35.764878  33.374646  33.024677  39.398152  120.979932  123.405407  74.172938  80.543066  54.045702  36.06139  26.427913
 29.144754  27.547199  30.367747  29.058128  28.404403  36.614317  63.653867  67.421678  36.17  42.986007  45.28  36.883683  32.221121  30.296344  27.906961  27.916608  29.947603  55.85679  85.960175  63.972808  98.32  66.45  31.126023  40.426669
 32.846909  35.878777  35.584466  34.205682  39.902119  54.697266  61.039841  61.220008  54.511585  42.679377  30.686861  27.867504  30.429385  28.665463  29.122631  27.178645  26.636739  65.20651  42.510496  56.353478  61.803833  62.221728  38.976165  31.484476
 45.881778  60.785171  49.890448  49.715595  49.837475  48.014578  97.28283  83.449681  41.190205  28.680466  37.333919  25.951976  29.180335  31.024981  26.45512  24.445265  24.798703  39.362434  39.997013  30.806311  33.858311  29.248399  31.388214  26.615627
 26.705631  28.958273  26.510181  21.794336  25.469672  33.828132  58.176099  61.676098  50.101114  29.637521  30.31655  23.329244  24.814843  21.064851  20.51  20.526746  22.38235  63.918072  48.304587  35.858852  34.930032  32.291297  33.316566  28.321474
 30.748326  30.940261  26.397976  27.96459  31.763108  31.520295  34.126583  32.114548  30.321401  31.341649  28.025202  26.065708  26.180711  20.541526  19.364011  20.16  27.342208  34.042578  37.457172  29.344037  28.786392  34.904984  40.335628  34.845897
 32.517396  27.480613  29.739435  29.121832  31.120074  31.007062  27.012224  24.746032  26.760537  28.250545  25.563531  28.099569  31.883896  27.518778  26.395689  34.180444  43.688448  127.038299  155.5  152.33  92.867128  72.895033  72.254696  59.866399
 68.273847  36.111744  71.36069  59.445501  58.037038  88.914311  131.088549  152.882207  179.406975  138.540017  107.685612  102.937865  104.487707  87.076666  44.086522  49.817511  45.626004  84.328242  97.033455  75.163333  106.007717  87.489028  56.5722  40.688903
 47.076994  37.6582  38.02713  44.141121  43.656677  43.72528  76.185008  54.223206  44.186613  36.228179  54.065853  39.723739  39.148863  30.90836  26.547847  31.522492  34.277225  34.986589  48.66923  52.092155  49.406677  44.44138  30.32227  29.751583
 31.177599  30.692621  30.412951  22.930714  37.092682  39.237469  34.326683  41.681725  38.509589  37.491558  47.163619  48.661718  27.522875  27.05691  41.739653  33.186644  57.659126  130.939822  90.705964  60.452246  68.404715  58.806171  31.434083  32.468575
 24.917899  22.54  22.41  23.644595  23.350142  27.502132  27.304804  29.272285  31.995952  38.100304  43.971807  37.913975  31.487181  27.488759  30.237959  29.793878  29.704649  58.738059  59.68  47.4  62.300679  47.9  42.03  34.653093
 29.433804  28.244017  33.036694  34.055425  27.568321  26.878655  28.407896  32.815626  45.495675  47.258655  37.519924  35.298621  32.599695  30.375842  33.840937  30.579579  33.207582  43.318789  35.166558  36.632977  34.713818  50.901668  41.886818  46.416175
 48.789131  36.780194  35.198788  37.70071  36.133213  34.779226  32.186082  40.429125  43.842366  32.626964  33.459162  31.565464  27.078981  23.991173  23.272438  28.609517  30.784057  34.723134  28.112185  30.435313  34.213113  49.609798  30.639304  33.944839
 36.070865  35.034694  36.542736  33.227229  30.638917  35.485188  34.262197  38.068352  43.443208  53.719597  51.965378  38.824089  31.824588  31.580338  32.778354  27.569319  40.180875  54.053385  38.636548  59.675434  52.891512  54.397947  32.286271  32.757194
 40.185921  33.561607  28.209021  32.346619  33.137122  35.621062  48.26112  45.171275  43.620247  41.500627  51.908184  44.866578  35.460707  32.582045  37.511915  30.592951  36.538617  69.034687  98.533583  88.69688  81.363561  84.54601  48.940087  41.185258
 54.51011  55.063295  54.259581  50.282986  61.995967  65.930641  58.895816  77.761965  54.440486  45.637548  40.447094  30.956134  35.824949  31.862955  31.14034  31.013557  30.634553  39.310159  43.893721  44.822589  46.487453  39.63754  38.46518  30.94603
 45.873565  33.960897  30.22827  29.086017  33.370478  33.219043  27.881716  28.042088  38.672508  30.890526  37.879088  30.254688  24.378373  28.075783  28.775428  27.406837  31.035583  35.262588  35.375537  34.227179  30.538913  29.49988  25.859202  23.802496
 23.16515  29.505216  27.44261  24.569061  24.945256  21.666484  29.125698  30.877483  36.826272  36.687154  41.877316  35.642274  28.058683  29.298995  25.714812  31.906278  33.601961  36.426239  35.494071  37.308747  27.765457  29.047933  22.179921  26.879647
 9.375608  18.692596  17.465909  11.561349  19.921326  20.876942  23.976676  28.105739  27.936525  34.330275  31.536678  20.64284  26.156427  17.943949  28.497914  20.147484  33.262344  30.982575  22.667968  20.418599  19.45  24.497233  22.455476  23.431936