16.94  15.63  15  15  14.86  15.21  15.44  17  18.48  19.15  19.58  18.58  17.78  17.34  16.8  16.97  18.83  26.41  25.77  26.16  26.51  21.43  19.26  17.19
17.51  16  15.03  15.03  15.76  18.68  23.18  24.35  24.03  24.13  21.83  22.49  21.23  20.25  19.26  19.15  23.01  45.15  35.14  28.39  27.08  22.38  18.44  18.24
15.77  14.5  13  13  13  13.47  14.79  17.12  19.75  21.07  21.56  20.47  18.94  18.05  17.12  17.09  21.27  30.05  26.05  24.05  24.82  21.43  18.04  16
14.95  13.48  12.21  12.21  12.1  12.48  14.5  15.56  17.47  18.79  19.61  19.65  19.15  18.22  17.69  17.73  22.01  36.23  31.83  27.96  27.72  23.22  20.08  16.48
15.57  14.82  13.75  14.03  15.44  20.13  27.36  33.26  32.43  32.64  33.71  32.43  30.98  29.96  29.29  28.99  36.57  71.79  61.02  54.3  48.57  37.99  29  21.98
20.33  19.03  18.85  19.03  20  32  59.47  60.05  55  59  56.6  51.61  46.8  44.98  43.1  44.69  56  79.94  79.02  72.13  65.1  55  41.67  35
30  25.99  25.88  26  32.87  52.81  84.14  82.24  65.12  65  62.4  55.1  50  49.6  44  46.7  57.5  86.76  85.49  77.35  72.77  60.51  48.65  40
30.48  30.02  28.35  28.74  37.03  53.24  82.73  81.49  64.37  64.25  61.65  54.08  49.45  47.8  43.39  45.15  56.31  85.59  83.79  77.44  72.56  59.76  47.88  40
30.23  26.88  25.7  25.61  29.31  38.82  66.21  66.18  58.57  55.89  55.27  46.96  45.04  39.24  37.5  37.6  48.05  78.23  76.26  71.21  66.04  57.61  38.71  35.7
49.79  41.99  41.96  41.96  45.94  52.19  61.15  68.76  70.2  70.28  66.75  61.95  50.1  49.63  44.28  44.66  53.56  85.59  75.05  73.84  72.98  61.06  45.91  40.36
56.12  54.88  54.95  54.95  54.96  65.41  70.72  70.58  66.36  66.79  65  56.28  46.65  39.63  36.76  35.98  49.33  82.54  80.32  73.91  64.6  51.26  36.48  35.2
33.85  30.88  30.85  30.85  35.01  48.73  75.62  78.32  64.87  64.84  58.9  50.45  48.01  40.57  37.07  36.95  51.37  88.38  80.67  75.86  62.64  51.11  35  32.61
23.05  21.99  21.29  21.43  22.47  32.25  71.18  70.26  54.04  55  53.52  41.9  39.99  35.5  30.99  31.81  40.8  80.06  72.18  70.88  63.54  48.06  32.66  29.66
32.08  30.99  30.37  29.58  33.05  49.94  84.73  77.71  64.02  64.19  62.85  56.95  51.89  50.15  45.66  47.43  55.31  90.04  85.69  76  68.74  57.32  46.51  49.03
51.72  47.3  42.68  45  46.18  58.13  105.6  83.14  78.46  74.86  78.53  72.91  65.78  64.18  59.29  60.52  72.25  113.13  110.46  96.83  91.53  79.1  66.14  72.9
61.51  60.58  57.81  58.48  57.64  67.03  99.01  80.03  70.07  70.44  65.69  58.27  49.27  46.08  40.96  40.9  47.12  76.65  78.81  66.47  60.42  53.97  40.74  57.44
45.77  39.54  38.66  37.5  40.65  41.1  54.97  53.68  62.05  62.05  58.27  45.52  38.15  33.54  27.69  27.51  40.21  66.62  59.58  56.55  51.05  43.92  35.43  29.05
32.56  28.33  25.59  23.31  24.1  27.17  27.87  31.68  33.26  38.22  38.52  32.82  31.09  27.02  24.03  22.89  30.86  60.39  57.4  50.79  53.28  44.62  32.27  25.45
31.23  28.95  25.63  27.56  33.72  42.8  71.51  76.29  69.13  68.09  71.99  64.13  54.88  47.63  43.46  43.8  58.16  99.07  92.55  84.17  84.09  65.47  46.53  44.86
39.92  37.63  33.41  31.2  36.4  46.55  84.61  79.13  70.17  67.62  69.67  61.25  55.71  50.11  45.11  43.73  57.17  94.29  89.85  80.87  77.23  64.22  44.2  46.41
55.85  45.63  43.26  41.96  42.85  62.1  94.01  79.85  66.02  62.39  65.89  56  50  44.18  40.57  41.5  51.97  86.66  83.79  72.14  68.68  56.59  42.45  42.01
55  45.01  44  43  46.95  64.01  99.71  83.48  64.46  61.88  64.79  58.15  48.51  45.05  40.11  40.4  53.64  87.29  85.14  74.29  75.04  60.25  47.74  58
69.63  59.51  54.6  56.67  58.86  77.13  108.94  91.21  78.72  76.64  79.79  73.99  64.24  57.63  51.59  51.35  60.99  95.44  94.69  85.24  88.05  73.37  58.09  73.74
68.59  64.97  65.26  64.95  61  67.86  65.67  69.55  73.3  77.66  75.45  64.5  57.69  52.87  44.18  44.34  58.12  86.47  76.72  75.25  77.95  73  59.5  62.75
63.94  57.14  55.04  55.08  58.07  59.03  56.75  59.74  70.48  68.19  67.68  64.42  64.32  63.45  62.71  54.56  61.57  88.39  81.4  77.77  77.15  66.38  48.6  44.21
58.12  52.25  50.34  50.08  58.3  62.92  89  71.09  65.17  61.34  63.68  59.9  55.54  53.42  50.82  50  55.69  81.65  80.16  73.46  65.33  57.76  49.06  48.41
59.82  48.8  47.81  47.24  52.83  56.96  84.4  85.47  80  78.08  79.78  75.92  68.07  65.69  58.01  58.01  64.2  100.83  97.57  87.97  82.95  70.13  56.18  54.37
56.04  47.59  44.22  44.97  53.81  61.02  90.45  87.83  88.67  86.12  88.53  81.57  69.4  66.07  63.43  61.04  69.6  107.15  105.32  98.45  93.27  79.15  64.06  59.03
68.47  57.08  56.47  56.47  61.22  71.43  99.06  82.14  82.79  79.28  80.54  74.08  63.94  58.76  52.7  53.28  59.18  89.15  88.83  85.52  78.54  69.33  54.91  66.83
65  56.38  57.07  57  62.9  72.22  93.49  87.6  82.16  78.16  78.04  68.69  62.55  58.36  54.47  53.93  60.03  88.76  90.19  85.11  79.83  67.04  54.72  60
62  55.03  57.49  57.29  62  71.49  73.69  76.64  79.48  80.41  77.5  66.75  47.34  42.8  37.25  37.31  46.25  80.56  79.92  72.59  65.01  59.01  45.78  49.7
51.02  48.95  44.5  44.85  49.79  49.38  51.98  41.27  54.59  58.44  48.37  45.77  39.98  36.16  27.44  28.14  38.08  71.59  70.9  67.24  62.67  53.76  39.54  38.9
42.2  38.04  38.82  40.55  46.72  52.24  75.22  76.8  72.7  67.12  63.85  54.25  49.03  43.91  39.01  37.2  47.31  77.08  79.51  73.11  66.91  56.28  43.68  39.34
36.32  30.42  29.08  31.26  31.92  42.5  69.03  73.76  63.98  62.24  62.79  58.01  50.34  45.51  40.29  40.06  48.12  76.43  79.52  72.92  66.93  54.77  42.49  38.04
31.67  26.95  25.39  25.87  26.78  37.01  58.88  61.73  54.07  52.65  52.74  46.99  40  36.21  32.7  32.18  38.04  67.19  69.12  61.75  55.94  51.75  38.67  38.9
41.84  39.07  36.4  39.46  41.36  49.09  73.45  75.29  64.13  60.05  58.59  54.25  47.97  44.98  38.46  38.76  43.46  68.64  75  67.82  66.85  56.02  46.51  45
35.16  29.22  28.73  27.55  29.47  36.08  61.55  62.61  58.86  56.76  55.85  50.61  45.31  41.7  37.21  37.23  42.18  66.49  62.67  55.61  54.42  45.12  36.72  30.86
28.6  25.37  23.26  22.08  23.37  24.22  27.12  33.45  39.02  45.23  41.38  39.84  37.33  32.11  29.4  29.41  35.13  49.17  53.3  50.7  50.42  41.35  35.2  32.94
40.57  37.59  33.6  33.23  34.53  34.44  39.85  43.86  47.94  49.68  48.96  42.85  40.4  34.87  27.94  28.36  34.62  60.7  63.63  58.84  55.3  49.78  37.36  38.3
42.21  36.11  35.05  33.46  37.82  43.92  69.18  69.28  58.64  55.34  55.82  46.98  41.53  36.61  32.99  32.51  36.71  59.88  59.9  55.93  55.34  44.82  36.43  39.88
27.25  25.11  23.23  22.73  24.48  28.71  49.25  65.1  55.97  54.95  54.45  46.71  41.24  40.27  35.94  35.02  37.54  59.19  61.69  58.7  56.27  47.92  37.25  30.11
27.02  25.87  25.44  25.12  28  31.59  62.67  71  58.2  54.99  55.99  47.03  41.3  40.58  36  35.48  40.13  64  72.55  64.9  63.83  54.09  40.79  37.99
36.04  30.64  29.46  29.42  34.29  40.06  63.93  65.53  60.03  56.83  55.48  49.28  43.19  40.91  37.79  36.11  39.92  60.26  67.22  63.07  63.27  54.21  40.94  39.65
27.99  26.43  25.93  25.83  27.03  32.7  52.69  60  55  48.61  47.55  43.03  39.96  36.98  32.66  31.72  34.43  47.64  60.36  52.03  48.03  43.51  35.01  29
29  26.05  25.98  25.39  26.01  27.02  28  35.76  46.07  47.03  47.1  36.02  27  25.5  24.56  24.56  25.31  36.51  48.51  44.51  40  38.51  32.78  27.82
29.16  25.5  24.76  24.21  24.03  27.05  28.61  32.31  40  47.02  47.57  44.68  42.97  38.86  36.57  35.74  41.64  60.58  70.26  65.8  62.12  55.79  44.62  36.9
44.42  43.75  42.2  44.04  44.93  55.96  76.85  70.65  65.78  57.34  60  52.34  46.21  44.32  38.6  37.24  39.4  58.43  75.17  65  62  55  42.07  44.99
42.23  39.03  38.07  39.23  43.1  55.46  76.85  79.72  72.82  67.8  64.83  54.49  48.17  45.33  40.74  40.54  44.52  60.72  76.41  74.9  69.67  62.01  44.97  40
34  30.82  28.53  29.02  30  42.76  65.86  69.6  59.97  58  62.9  52.03  40.51  40  35  35  38  50  66.51  60.14  57  48.89  36.01  34.99
28.19  26.1  25.32  25.61  26.2  35.43  63.03  66.89  57.22  49.47  54.55  43.52  37.52  35  30  31.03  32.92  46.07  60  54.99  52.03  44.4  33  26.5
24.77  23.63  21.84  21.94  23.72  27.09  48.86  50.12  46.84  43.83  48.47  37.38  33.19  30.41  27.47  26.62  28.02  38.41  48.84  42.82  42.34  37.02  28.09  25.84
24.71  21.78  20.9  19.44  19.79  21.46  23.91  28.47  34.79  43.13  40.5  34.64  29.67  26.87  25.75  25.74  27.48  37.22  49.54  44.99  37.7  36.96  27.56  24.53
24.36  22.32  21.87  21.23  20.99  20.51  22.48  26.04  28.51  31.54  31.65  29.89  26.8  25.78  24.78  24.42  25.1  34.96  51.98  48.51  47.36  40  29.23  25.03
28.01  26.51  26.03  26.08  27.89  33.77  62.41  63.45  59.78  55.11  55.76  45.69  40.5  39.54  34.87  34.14  36.08  44.48  68.03  59.13  57.37  51.94  36.62  27.45
26.68  25.37  24.62  24.67  25.89  31.94  54.82  58.82  53.83  53.04  54.64  47.46  41.7  40.27  36  35.06  37.08  49.27  67.49  58.51  54.23  49.05  36.83  35.07
27.45  26.5  25.9  25.9  27.4  35.23  63.45  64.97  54.39  53.03  52.03  45.38  39.03  37  32.44  33.03  36  52.76  66.99  56.5  51.51  48  35.93  30.54
30.1  25.74  25.06  25.48  26.66  35.39  62.94  65.3  51.98  51.15  52.03  43.62  37.12  35  30.5  30  33.28  45  63.03  52.97  50.09  46  33.51  26.67
29.03  25.65  24  25.2  25.29  35.06  65.11  65  52.29  50  54.5  43.67  37.66  37  31.52  30  33.06  44  59.03  50  46.51  45.71  36.82  29.51
30  28.6  27.03  26.97  27.15  30  34.54  45.33  53  51.23  47.31  37.22  30.04  25.85  25.1  25.14  26.55  36  50  42.36  40.1  40.19  29.99  26.8
26  25  24.18  23.53  23.59  23.36  24  25.9  26.7  27.88  27.6  26.43  24.89  22.46  21.11  20.76  23.44  27.8  43.07  38  34  29.51  24.47  20.51
20.23  19.75  19.75  19.75  22  24.27  38.22  45.12  40.28  41.37  45  37.32  30.64  30.07  28  27.61  28  34.97  56.51  45  43.01  38.01  26.69  23.58
20.69  20  20  19.29  20.31  24.59  35.77  35.87  31.22  34.22  39.17  33.69  25.94  25.87  25.28  24.81  25.3  32.21  47.07  39.91  35.45  29.31  25.17  23.85
18.78  17.89  17.86  17.5  18.16  24.69  29.24  37.13  33.12  34.19  37.73  33.28  28.89  27.25  26.34  27.57  27.8  34.72  52.47  49.73  45  37.61  27.18  20
19.91  18.08  17.38  17.49  18.01  22.23  33.21  45.74  40.52  40.54  42.8  40.43  33.72  33.33  29.92  29.42  29.59  38  55  48.63  45  36  26.7  20.93
20.16  17.93  16.51  16.01  17.25  23.91  34.89  40.57  39.62  39.86  43.09  39.14  34.71  33.76  30.87  29.76  30.04  34.84  49.44  43.45  39.27  33  25.77  20.97
22.02  19.73  17  15.75  16.68  18.13  22.94  25  28.9  35.1  34.51  30.92  26.8  26.3  25.58  25.51  25.73  30.25  41.47  36.83  31.64  30  25  23.06
21.01  18.62  17.67  17.28  17.59  20.65  21.55  23.95  26.97  30.96  30.44  28.8  25.44  24.99  23.76  23.1  24.92  31.09  46.07  42  36.11  33  25.19  22.07
22.19  21.37  21.37  21.44  22.09  27.49  52.59  55.62  52.01  53.07  53.75  48.24  43.94  42.1  38.99  37.7  39.13  48.51  68.28  63.74  56.14  47.47  34.4  25.92
26.53  26  25.49  25.55  26.62  34.9  60.46  60.53  53.05  51.24  53.42  50.06  45.08  43.71  37.11  37.48  39.56  43.77  64.99  58.74  52.22  45.16  34.62  32.03
26.05  25.45  24.95  25.26  26.3  32.37  54.84  53.38  46.72  45.34  46.99  45  40  39  32.98  34.99  36.25  40.41  63.1  55.57  50.67  43.47  33.43  30.44
26.05  25.44  25.01  25.16  25.65  31.02  60.13  56.98  50.01  46.29  45.89  42.01  37.32  34.59  29.91  29.76  30.97  37.66  60.21  52.92  48.53  42  28.61  26.36
27.75  27.41  25.82  26.39  28.04  35.01  59.63  59.83  50.98  47.51  48  46.55  45  41.9  40  39.6  40  45  65  52.93  52  47  35  34.85
35  30.06  28.31  27.9  29.89  34.04  41.12  46.75  50.51  55.03  50  44.09  40.56  35.94  30  29.47  33.03  35.31  62.25  50.51  48  44  30  27.65
30.79  28.31  28  27.3  28  29.65  31.45  36.53  42.31  44.35  45.03  39.03  35  31.9  27.7  27  27.7  35  59.03  55.03  48  40  28.63  25.93
27.01  26.03  25.77  25.13  26.26  30.5  54.51  53.12  53.98  47.49  47.22  44.01  41.82  39.33  32.53  33.15  35.48  40.52  63.2  57.73  50.38  42.51  32.39  30.03
32.54  30.07  27.33  27.26  31.1  37.16  56.48  58.16  53.12  50.15  52.92  50.07  46.57  45.29  42.93  41.13  41.89  47.32  65.53  58.5  53.51  48  40  37.52
34.03  30.46  28.28  28.28  32.98  39.24  60  61  55  52.47  57.13  53.84  49.88  47.56  40.78  40  40.6  46.67  71.94  64.42  56.1  50  40.22  35.18
37.3  35  32.27  32.26  35.2  42.25  60  61.5  55  51.46  52.81  49.54  47.74  45.5  40.64  40.4  41.4  45  65.1  59.99  55.94  49.36  39.62  35.73
37.06  34.08  32.1  31.39  34.58  39.22  54.56  50.98  46.57  44.92  44.9  46.18  35.94  40.43  33.45  33.06  33.16  36.08  51.1  48.34  44.08  41.51  35.59  39.78
38.43  34.07  33.06  31.99  35  35  37.51  46.86  51  57.07  56  48.21  42.18  38.05  31.66  30.3  31.39  35.72  55.21  50.53  42.57  40  30.69  27.9
28  25.51  25.01  24.98  24.9  25.2  25  30  35.14  40.69  40.61  40.12  36  35  30.13  32.53  38  40  62  62  55  50  36.81  31.14
33.5  31.76  31.19  32.53  35  43.53  62.94  68.07  58.48  57.99  56.51  52.43  49.3  47  41.08  41  42  49.26  76.07  72  65  51.97  40.22  35.18
37.31  35  35  35  37.05  45  64.12  67  58.64  55.5  60  50  48.52  45  40  39.81  41  44.8  65.6  64.5  57  49  40.22  34.56
35  32  31.74  32  35  42  60  59.93  50  46.86  50  43  40.22  38.34  34  33.3  36  40  60  55.43  49.01  43  35  29.38
24.32  22.58  21.94  21.96  23.53  31  50  53.59  45.09  44.31  45.69  44.32  39.51  37.39  32.95  32.41  33.95  37.91  57.8  55.74  47.33  39.94  29.04  26
22.17  20.2  20  20  21.03  29.33  41.14  50.11  42.37  41.25  42.65  39.75  35.68  34.03  31  29.97  33.72  36.33  54.35  52.98  43.24  36.75  28  25.51
24.06  22.46  20.23  20.34  20.95  22.43  23.72  24.43  26.39  30.43  32.9  29.76  28.26  26.22  25.25  24.77  25.01  26.85  36.71  38.36  30.43  27.78  24.62  24.87
23.3  21  19.08  18.97  18.97  20.79  23.36  24.95  26.76  27.35  28.03  28.1  26.97  26.34  25.02  25.16  25.4  27.87  37.01  48.97  41.27  33.69  26.56  25.51
20.46  18  18.06  19.01  20.97  29  39.86  47.2  42.28  42.38  43.52  38.9  37.82  35.36  32.09  31.78  32  35.59  51.37  49.91  44.58  36.07  30.43  26.15
25.32  23.04  22.69  22.72  24.79  32.32  48.18  49.51  47.37  47.08  46.38  44.12  42.4  40.02  36.07  35.71  38.63  42.68  63.44  59.9  51.03  43.03  34.8  30
25.9  24.81  23.98  25  25.01  32.51  50  54.81  53.01  52.3  48.7  44.99  42.71  40.7  39.3  38.36  39.57  41.6  58.54  60.52  53.65  42.77  37.01  28.93
27.53  25.61  25.2  25.49  27.39  35  47.77  55.45  53.11  53.35  54.12  49.38  47.09  45.79  43.02  41.6  43.93  44.98  59.48  61.51  50.8  42.93  38.58  30.34
30.04  27.23  26.29  26.2  28.18  35.9  50.24  56  54.16  52.35  52.33  50.42  48.63  47.01  40.33  40.9  43.8  46.18  63.5  65  52.65  43.71  37.97  32
35.03  30.78  29.36  29.14  29.17  30.43  29.41  35.27  44.98  53.71  52.27  48.84  42.94  35.5  30.73  29.99  34.97  41.94  56.96  58.46  51.62  43.99  35.56  30.17
30.26  25.2  0  24.37  24.74  24.49  24.29  34.86  39.62  47.89  55  51.1  46.02  42.96  40.16  40.06  40.97  46.36  59.95  73.91  75  61  45.66  36.91
33.38  31.33  30.03  29.37  33.07  47.17  67.34  69.95  64.55  63.98  61.7  57.11  53.6  49.78  44.98  43.43  43.81  46.18  57.4  67.13  67.79  56.26  44.7  36.34
38.09  34.73  31.91  31.91  36.03  43.08  65.61  77  66  60  55.19  50.48  49.29  47.52  43.04  41.54  41.97  41.97  46.06  58.07  58.08  50.11  39.86  30
25.5  24.35  24.27  23.69  25.31  29.15  48.36  55.1  52.36  51.61  49.17  46.89  46.03  44.94  38.18  37.38  37.37  37.85  42.98  55.18  55.42  45.95  35.47  29.03
25.4  25  24.35  24.71  25.2  30  49.53  58.57  54.92  50.96  48.92  49.61  48.76  46.67  39.87  40.7  41.42  39.98  45.86  58.78  60.93  49.49  39.47  33.01
27.88  25.55  25.15  25.05  25.3  29.51  41  51.83  53.51  53.38  52.85  50.78  47.93  43.6  38.42  35.3  36.75  36.33  40.58  50.96  50.59  45.52  37.99  33.9
27.8  26.75  24.92  24.75  25.32  28.93  28.39  36.7  42.14  46.33  50.24  47.95  44.45  40.88  33.08  31.48  33.54  33.78  41.68  50.68  47.08  40.58  32.07  29.03
26.8  23.38  22.53  22.29  22.79  24.46  27.28  30.27  30.27  37.03  43  43  40.76  38.02  32.19  32.31  34.31  35.43  42  48.97  50.46  44.05  37.97  28.86
29.31  27.08  26.8  26.9  29.03  41.03  51.2  61  58.64  57.3  61.07  57.94  56.97  54.22  47.04  46.06  46.06  46.26  51.84  61.38  61.41  55  45  37.92
30  26.7  26.1  25.8  27.03  34.53  47.51  54  49.75  50.07  50.91  49.76  48.21  48.19  43.84  42.73  42.44  42.06  44.57  53.69  56.99  46.46  34.78  29.51
35  30.03  28.03  27.73  29.87  33.39  50.31  55.4  54.95  54.04  53.54  50.89  50.96  51.05  47.33  46.96  46.96  47.34  46.74  54.92  59.05  48.94  39.9  37.03
32.12  28.58  26.9  26.97  30.04  38.51  60.15  60.3  59.01  58.99  57.99  56.19  55.24  55  48.96  45.93  45.72  42.58  43.19  53.68  59.46  50.4  42.14  35.23
33.11  28.69  27.28  27.48  32.51  45  56.63  55.18  53.16  50.63  49.4  48.01  49.17  47.5  39.95  38.14  37.08  35.3  38.21  45.92  50.01  44.5  34.95  31.51
29.21  27.15  26.1  26.05  26.57  28.63  28.81  39.06  45.39  51  56.95  53  46.36  45  38.78  35.9  35.02  36.97  41.03  48.84  61.71  52.2  39.24  29.69
25  22.01  18  18  18  18.32  20  24.77  30.21  34.95  44.19  49.82  45.57  45.28  39.5  39.22  42.51  42.84  44.14  57.96  75.14  64.6  45  30.45
26.18  22.06  21.54  21.46  23.42  27.58  44.94  51.46  51.37  53.53  60.25  65.2  66.66  68.91  63.53  63.46  66.68  64.91  58.95  60.14  67.72  56.31  47.37  34.64
28  24.92  23.9  23.53  23.4  29.69  39.87  45.28  47.39  48.91  49.89  50.48  53.17  54.92  48.72  47.21  48.53  47.9  46.77  47.94  54.52  46.68  36.83  30.42
25  22.4  21.18  22.11  22.63  31.26  45  48.56  51.72  51.06  51.28  51.8  52  53.99  48.97  47.18  49.16  48.95  45.98  47.92  56.03  48.9  38.51  30.85
26.49  24.63  23  23.3  24.02  32.33  45.31  50.31  53  53.38  55.05  55.52  54.75  57  54.01  52.2  53.88  53.01  46.24  48.97  62.52  52  41  31.38
28.5  24.22  22.6  22.65  23.86  35.15  47.48  49.74  49.69  53.35  54.36  53.7  54.79  55.88  54.01  50.63  49.85  47.33  44.15  46.1  53.67  48  40  34.73
29.82  27.03  25  24.91  25  27.15  30.65  34.78  44.16  47.75  51.88  47.26  44.96  41.89  36.83  34.63  34.13  34.25  35.59  40.97  50.31  45.71  33.1  28.64
23.64  20.07  18.6  18.42  18.33  19.3  19.85  23.5  30.76  34.8  37.69  38.36  36.72  34.75  31.48  28.79  28.06  29.52  32.09  36.95  49.86  41.43  31.16  24.93
26.22  25.11  24.29  24.28  25.12  31.86  47.32  52.13  49.74  52.32  55.16  53.01  53.02  55.83  52.27  51.41  51.95  49.12  45.77  47.15  57.51  48.82  40.93  33.51
28.64  26  25.1  25.22  26.5  35  50  55.46  54.42  54.39  57.81  54.07  54.07  56.44  53.44  52.06  52.07  45.86  42.27  47.53  60.82  52.19  44  35.03
25.26  23.96  23.6  24.12  25.26  31.63  52.34  55.19  52.54  51.66  51.2  45.88  42.75  44.83  41.05  39.94  39.91  35.87  37.12  39.67  57.12  46.77  29.31  28
23.99  21  20.36  20.92  22.51  26.8  44.76  45.9  46.28  45.96  47.01  46.47  52.15  44.88  43.75  43.33  43.01  44.82  39.82  41.96  55.66  44.6  29.11  25.73
19.86  15.84  15.29  15.32  17.3  23.14  38.13  37.57  37.58  40.91  47.26  48.95  52.3  53.05  51.14  50.95  49.98  45.34  39.44  40.44  49.59  44.65  36.18  30
22.2  17.77  16.76  16.04  15.96  18.24  20  26.44  31.52  39.3  46.01  45.3  47.35  45.79  41.63  40.84  39.6  38.36  37.33  37.15  50.33  42.43  30.74  26
21.8  17.48  16.47  15.29  15.28  16.24  19  26.16  28.43  34.08  41.22  45.44  47.37  44.06  42.24  43.1  45.09  46.13  41.24  41.37  57.55  49.58  37.41  28.67
23.3  20  18.89  18  20  29.38  40  50.75  51.17  49.58  52.36  51.41  52.87  54.04  51.64  50.73  49.21  47.47  44.26  44.37  54.71  49.34  41.32  33.72
28.72  22.85  20.86  21.26  23.01  36.36  47.56  54.65  47.13  47.35  56.48  54.82  53.84  54.66  50.39  50.13  48.44  46.33  44.9  44.94  59.04  53.06  45.69  34.5
20.13  17.43  16.27  16.7  18.93  26.59  41.86  47.14  46.54  45.44  48.03  47.66  46.39  48.61  45.47  43.39  43.76  41.19  37.52  39.4  50.54  45.88  33.38  22.67
24.65  18.23  17.34  16.76  20.16  28.54  50.25  51.23  48.21  49.44  54.29  54.7  57.28  60.78  58.04  57.98  54.16  52.05  45.13  45.67  62.81  57.83  40.14  29.49
25.58  18.51  17.95  17.51  18.19  27.46  45.9  52.48  50.97  52.67  58.12  60.02  60.67  63.13  62.95  62.43  59.94  56.95  48.91  48.35  64.95  60.71  45.45  37.46
24.03  20  18.23  16.82  17.93  20  24.51  36.42  46.74  49.51  59.94  59.27  57.22  52  47.16  45.24  47.38  47.52  42.28  45.36  58.97  55.2  42.71  27.83
24.34  19.99  17.5  17.22  18.29  18.19  19.37  27.46  32.4  40.65  47.78  50.8  57.36  57.15  56.31  56.77  54.46  54.54  51.42  51.03  66.33  62.19  48.42  34.03
26.06  21.43  19.73  19.01  20.51  27.67  44.2  54.67  57.15  61.42  66.04  66.57  70.83  74.54  72.39  74.24  76.68  74.86  65.51  64.26  72.77  66.33  53.27  40.65
27.65  21.31  19.72  18.52  19.8  26.99  42.18  50.02  51.39  55.97  64.58  65.17  69.93  74.27  74.82  75  75.25  74.32  65.58  59.22  73.88  68.31  52.98  42.47
28.94  22.9  20.51  19.12  20  27.75  43.01  45.52  49.03  51  57.51  60.5  62.68  66.47  65.71  65.85  69.43  65.95  59.87  56.72  63.5  60.49  46.51  31.5
33.58  25.41  22.68  21.1  22.74  30.69  46.66  51.71  52.23  58.54  65.71  67.64  73.38  78.15  76.66  78.28  79.11  78.11  62.83  59.59  71.5  66.77  53.89  45
35.96  27.53  24.46  23.43  23.95  28.83  45.24  50.56  52.15  59.27  65.77  67.96  71.64  75.54  72.9  70.23  71.16  70.1  56.95  54.36  63.74  60.59  49.72  42.96
35  26.86  23.92  22.17  22.72  26.42  28.09  31.64  41.36  52.43  55.87  60.49  61.75  64.86  62.48  62.46  59.83  54.3  46.1  44.32  53.59  57.6  44.59  39.72
31.47  25.17  19.51  17.5  17.66  18.32  17.7  21.3  28.45  34.89  40.31  43.04  46.25  45.48  45.67  45.72  49.1  52.88  49.64  52.26  65.3  62.04  40.11  27.75
29.18  23.12  20.5  19.06  19.81  25.73  43.01  51.85  54.19  58.72  63.43  62.86  66.94  69.45  69.99  71.05  72.03  68.99  58.85  56.26  69.38  64.66  49.12  39.21
32.87  25.79  22.2  20.32  21.63  28.5  40.54  42.91  45.16  51.31  55.5  57.14  59.85  62.74  61.67  61.73  63.18  60.99  56.27  52.95  60.23  56.94  42.92  37.99
41.42  32.83  27.94  25.59  27.85  32.55  45.19  48.08  54.43  59.01  62.44  65.21  67.87  67.98  66.91  68.32  68.68  65.65  61.08  58.16  66.47  60  49.04  45.24
39.27  31.14  28.41  24.62  27.48  33.24  47.03  49.3  51.31  57.24  61.7  64.13  68.65  69.68  70.05  72.02  74.58  71.59  66.37  61.49  68.69  63.15  44.78  41.94
30.46  26.17  24.36  22.12  23.86  28.99  41.34  58.07  57.4  62.7  65.07  67.92  71.84  75.22  77.75  77.09  76.04  72.07  66.72  60.03  67.78  64.09  49.29  44.53
39.53  31.3  27.87  25.63  26.56  30  31.55  35.06  48.07  51.86  59.86  64.04  70.51  71.04  72.74  74.87  74.66  74.16  68.57  65.04  73.76  67.82  55.47  54.21
44.95  34.36  31.57  29.2  28.29  30.07  30.91  33.01  38.35  50.18  57.78  60.64  65.79  76.12  78.02  80.44  80.89  85.16  73.67  70.69  82.58  77.29  60.96  54.89
49.13  38  32.31  30  30.9  37.56  52.63  52.32  55.34  62.24  67.98  73.8  76.34  80.58  81.98  83.5  85.87  81.87  75.69  66.4  74.83  67.5  55.11  44.91
48.01  39  31.5  29.67  30.57  38.11  50.55  54.89  57.02  59.86  63.09  66.44  67.53  71.96  72.36  73.52  75.01  72.81  67.16  61.47  67.94  64.26  51.67  44.4
46.37  36.18  31.1  28.72  28.93  35  48.55  54.02  55.14  58.32  59.41  62.96  64.16  66.06  68.41  67.75  68.3  67.01  62.84  55.58  61.15  57.34  44.63  44.02
34.76  29.54  24.76  22.5  24.77  30.92  46.51  51.96  53.56  57.3  60.04  62.83  63.97  66.73  66.18  68.45  69.11  66.19  58.53  54.02  59.15  57.74  46.18  40.05
32.74  26.83  22.67  21.97  24.02  31.93  45.86  49.79  51.44  60  59.91  61.83  59.27  68  65.88  66.09  68.16  62.75  53.82  48.04  53.84  52  40.62  38.67
28.68  23  19.06  17.93  17  18  20.84  28.34  34.37  42.7  50  51.01  51.63  53.08  49.38  50.48  53.79  51.17  45.92  42.08  51.05  48.04  36.51  26.51
21.51  16.78  15.39  15  14.53  15.33  16.2  21  27.51  34.51  39.16  44.45  46.01  48.74  50.03  51.41  53.41  52.69  51.84  52.93  56.8  51.1  38.3  27.3
24.76  18.3  17.22  16.01  16.18  17.51  20  29.03  34.3  44.37  52.48  53.31  56.08  58.83  53.94  55.78  56.46  59.96  57.68  56.78  65.01  60.4  43.87  35
19.86  17.52  16.02  15  15.5  24  35  40.33  46.59  49.56  52.2  54.64  55.62  62.31  59.79  61.62  64.38  60.63  53.67  48.33  54.13  51.01  40.99  31.85
15.51  13  9.31  6.51  6.64  15  25.29  35  39.35  43.89  48.79  51.63  52.83  57.44  55.68  56.8  57.87  53.87  48.06  45.56  50.44  48.89  36.18  25.85
17.9  15  12.43  8  9.98  18.28  28.5  32.27  37.04  39.75  39.74  43.98  43.44  46.54  46.28  45.41  47.04  43.94  40.88  39.96  41.81  40.16  30.11  25.51
20.04  15.34  13  8.61  10.57  18.28  31.95  34.11  38.36  40.87  42.23  44.04  44.22  46.86  45.67  46.6  46.79  44.4  42.58  40.08  43.56  42.15  32.89  26.01
22  17  13.51  9.58  11.51  11.84  15.66  23.1  28.09  34.72  38.04  39.62  35.34  34.9  33.04  33.2  33.11  33.21  33.38  33.09  35.8  36.07  28.51  22.01
15.64  10.34  5.17  3.87  3  3  3  14.99  21  28.85  30.08  30.59  30.13  31.34  30.64  31.05  32.36  33.47  32.82  33.41  35.92  36.49  29.3  22
14  7.03  3.51  2.91  4  10.88  24  33.31  36.99  41.38  46.19  50.07  51.95  55.34  55.53  56.38  58.37  56.25  51.69  48.97  53.26  52.64  40  31.8
21.59  15.63  13.21  9.68  12.89  17.63  29.62  43  48.93  53.25  58.61  62.77  64.1  69.06  71.32  73.93  75.24  73.02  68.13  62.93  66.45  65.24  53.93  39.01
35.63  28.14  22.65  20.53  20.33  26.57  41.51  49.39  57.02  65.27  66.24  71.58  73.39  77.55  81.03  83.01  86.53  81.51  78.82  70.16  70.51  72.18  62.63  50.87
40.56  31.15  25  22.47  22.63  28.03  42.99  44.98  50.39  51.98  55.4  60.26  59.93  63.71  64.1  64.05  63.72  59.88  51.69  49.55  51.77  55  44.7  34.67
28.32  20  18.06  16.51  17.36  21.74  31.16  35.89  39.25  42.9  47.36  48.41  48.45  49.09  47.39  47.49  46.83  44.18  38.76  36.64  38.48  40  33.42  24.63
20.17  15.49  13.92  9.66  8  10.51  14  18.86  25.02  31.9  36.57  37.22  35.75  33.93  33.01  34.21  34.86  33.62  32.04  30.99  35.45  37.56  29.5  20.01
14.85  7.24  1  1  1  1  1  8  17.41  24.49  30.29  33.57  35.25  37.18  35.24  36.65  37.63  38.33  37.88  35.65  38.97  40.13  28.43  22.3
17.9  13  5.42  3.84  6.07  15.51  20.18  39.93  42.44  49.43  55.27  57.17  57.13  60.39  59.62  59.91  61.91  60.04  51.73  49.77  55.86  57.28  42.65  28.85
30.87  23.1  20.06  18.95  18.91  24.67  36.45  40.86  48.82  53.9  56.93  60.42  60.41  64.46  68.35  70.87  73.62  71.17  63.35  59.02  59.87  62.25  50.4  50
39.99  32.9  30.06  27.66  27.05  32.14  40  43.42  53.16  59.38  60.28  62.56  65.38  71.64  74.17  71.48  72.27  70.68  64.72  60.18  65.31  68.29  54.02  50
35.03  30.14  24.04  23.6  24.16  30.03  38.4  40.57  48.58  53.44  54.98  58.22  61.39  63.75  66.38  66.37  66.81  64.08  56.88  54.62  59.82  60.88  51.82  47.49
43.12  35  31.41  30.81  30.83  33.61  41.94  44.78  52.46  59.89  59.2  60.96  63.84  67.21  69.62  70.04  69.53  65.33  56.11  55.44  59.44  62.06  57.03  55.21
43.53  35.46  30.15  27.14  24.27  24.26  24.5  31.23  35.58  46.15  55.22  52.95  55.76  57.93  55.68  55.08  56.5  55.58  44.83  41.58  47.98  49.62  34.65  28.84
23.58  17.94  14.41  4.58  2.75  3.01  4.51  15  23.17  30.14  33.48  37.47  39.08  39.28  39.21  40.09  43.95  43.09  38.17  37  40.5  40.78  30.86  24.3
19.92  14.1  11  9.51  10  18.12  23.8  36  40.26  47.61  51.27  54.12  54.02  58.05  58.26  60.65  63.62  61.42  55.42  50.08  56.07  57.82  43.03  31.6
21.23  17.98  14.11  11.02  11  15.07  23.5  30.98  35.99  43.12  49.03  53.05  55.15  58.4  57.75  60.1  61.46  59.99  53.57  48.39  53.98  56.27  40.4  33.25
25.99  23.37  20  16.01  17.51  20.76  25.43  36.2  41.03  49.66  56.28  59.12  61.31  64.82  66.92  68.98  68.63  64.21  59.51  51.57  59  59  41.97  39.93
30.99  26.85  23.51  22  22.35  25  33.09  35.83  42.29  46.34  49.89  53.59  55.66  56.85  55.39  56.07  57.89  56.98  51.95  47.93  53.86  56.32  40.37  39.8
35  29.96  23.74  22.08  22.75  24.64  33.96  38.27  47.63  50.49  53.84  53.54  53.76  56.41  55.67  56.4  58.09  58.14  53.92  46.97  53.29  53.32  40.5  36.58
23.05  19.19  17.64  14.68  13.92  15.09  18.71  22.04  28.46  31.7  35.72  38.88  40.87  39.64  36.78  37.13  39.13  38.14  33.91  31.36  32.66  33.69  29.82  26.68
22  15.23  8.88  6.98  5.63  5.13  6.52  15.28  20.93  24.63  29.82  31.84  33.68  36.55  36.55  37.64  40.84  38.52  34.47  28.81  30.75  32.98  26.44  24.45
19.6  15.13  7.56  5  8  16.01  19.77  31.58  35.54  36.51  42.74  43.67  45.09  46.69  47.34  47.62  50.39  47.73  44.15  41.8  47.45  49.74  36.9  22.86
19.65  15.92  10.29  7.01  10.09  16.96  20.91  27  29.41  34.19  38.48  40.93  42.28  41.25  44.42  42.45  42.39  43.04  41.16  37.42  41.61  47.82  34.01  28.04
24.45  18.4  14.54  11.72  13.32  20.63  25.28  29.66  36.86  38.01  41.79  46.13  49.28  48.46  49.84  51.66  54.45  51.97  46.34  42.9  48.39  56.6  41.99  36.32
29  21.67  18.06  17.28  18.09  24.21  30.31  32.74  38.75  40.84  43.92  49.04  50.7  57.79  60.97  63.03  64.06  64.66  54.08  47.79  53.42  55.92  42.54  41.64
31.32  24.16  20.64  20.23  20.09  24.48  30.43  35.3  43.51  45.63  48.79  52.58  55.42  58.51  60.52  63.87  64.25  61.28  53.72  47.22  51.16  54.43  42.45  39.88
31.04  24.28  19.76  17.45  16.29  16.72  17.41  26.68  29.69  36.48  43.04  44.33  44.87  47.32  48.26  49.56  51.31  52.13  44.93  44.23  42.45  42.86  35.25  29.58
28.4  21.49  16.12  13.03  10  10.34  11.42  16.13  23.51  30.22  34.92  37.34  39.17  43.04  43.91  44.16  46.09  45.64  40.16  39.44  42.96  41.79  37.09  31.07
29.53  21.73  16.98  14.95  13.44  15  16  24.75  29.83  36.03  43.84  49.28  50.48  52.64  54.75  55.6  56.48  57.12  50.02  46.84  47.96  46.02  39.52  34.77
34.35  30.24  25.26  22.83  22.27  27.58  35  38.92  44.42  45.84  48.01  52.13  54.43  58.28  60.75  61.93  63.02  60.28  54.18  45.99  48.66  48.94  43.08  43.89
27.89  20.78  19.26  17.79  18.73  19.32  25.93  27.31  34.64  36.56  40.72  42.7  47.19  50.93  52.24  52.52  53.11  52.69  46.94  42.38  43.98  44.44  34.44  35.9
32.69  27.72  23.95  21.58  21.57  22.99  30.9  31.08  36.15  40.5  44.11  46.99  50.95  55.14  56.73  56.83  56.34  55.87  49.87  42.72  44.76  47.45  36.04  38.96
32.49  28.2  24.17  20.76  20.56  24.58  30.63  28.68  33.26  36.68  41.22  43.73  47.64  51.44  53.77  54.77  55.01  54.16  45.7  39.76  43.51  43.76  34.48  38.74
31  24.46  19.78  17.39  16.09  17.65  18.16  26.42  28.7  33.96  40.5  42.54  45.54  47.31  48.31  49.52  51.72  50.76  46.06  41.44  43.6  44.11  36.62  32.98
29.97  22.89  19.67  15.66  15  15  14.26  25.96  28.37  34.36  39.72  41.88  43.81  43.33  45.39  50.43  49.21  48.96  43.92  40.46  42.24  43.21  36.64  31.35
31.97  27.72  24.25  21.23  21.08  25.68  28.42  33.24  37.91  40.94  44.65  48.08  51.06  56.04  57.33  56.75  56.31  56.26  49.75  48.1  50.69  50.99  43.23  40.15
32.36  23.78  21.44  19  19.34  23.12  28.65  35.09  39.64  42.9  45.25  48.34  50.15  53.73  54.11  56.86  57.29  55.22  48.82  45.82  49.29  49.56  42.66  39.87
31.95  27.71  24.3  22.65  22.63  24.8  31.11  33.93  40.52  43.73  46.29  47.85  50.69  53.95  55.38  55.84  55.44  54.59  48.45  46.69  48.95  48.53  40.45  37.49
34.22  28.82  25.65  23.84  22.81  27.46  34.06  34.73  38.93  41.48  44.1  47.22  48.83  51.12  52.93  53.45  51.88  51.24  47.27  43.5  45.61  47.32  39.19  38
32.08  25.46  21.67  20  20.07  23.51  30.5  33.68  38.72  40.22  42.93  46.86  48.64  52.17  53.23  54.11  53  52.62  45.85  42.14  43.7  44.88  36.69  35.98
34.94  30.54  25.15  21.43  20.06  20.84  21.45  27.15  32.79  39.15  43.38  46.37  49.12  51.35  52.55  53.94  54.85  55.77  50.56  46.67  51.02  50.08  42.95  40
35.53  30.17  22.44  20.14  19.32  19.08  18.64  22.6  28.34  31.85  36.63  40.42  41.03  42.96  43.2  44.27  45.24  45.68  40.22  38.76  39.88  42.74  37.78  35.89
34.8  29.37  23.24  20.28  21.22  26.89  35.17  35.5  40.88  43.62  46.67  48.61  53.54  54.86  57.09  58.01  57.57  55.84  49.48  47.85  50.05  50.8  45.64  39.63
36.66  31  28.63  24.66  26.84  31.33  36.99  36.14  42.18  43.62  48.3  55.12  60.19  57.99  59.47  62.91  61.94  62.16  58.98  53.51  57.17  57.55  46.76  48.19
35.7  30.64  27.37  25.48  25.99  30.05  34.35  37.69  42.34  47.48  52.2  55.91  58.59  62.7  63.94  66.01  66.52  63.37  58.93  51.28  60.78  61.44  50.48  48.4
40.72  33.74  30.28  27.96  28.56  33.18  37.11  41.97  48.03  53.17  57.88  62.97  69.31  66.54  66.18  67.65  67.61  65.43  66.06  61.88  64.71  65.47  53.26  47.6
47.66  41.64  37.51  34.59  35.12  38.88  41.46  42.42  52.04  54.11  60.17  62.66  55.67  62.56  59.2  60.91  57.57  56.52  55.74  51.08  58.25  59.71  47.21  47.86
40.58  34.76  30.99  29.13  27.97  29.67  30.21  34.75  39.8  43.17  48.13  51.26  52.15  53.03  52.11  53.44  53.42  52.44  47.9  42.85  47.29  46.79  40.09  37.02
33.18  27.76  23.59  20.4  19.9  20.59  20.81  26.43  31.62  37.37  41.74  45  46.27  47.82  48.31  48.24  49.18  49.61  45.36  40.96  44.98  45.37  38.43  34.78
28.07  24.98  20  18.91  19.04  23.58  29.6  36.21  39.05  43.92  47.54  50.03  52  53.43  54.05  55.15  53.56  52.56  47.15  42.94  45  46.77  38.3  33.79
35.11  29.23  23.76  22.36  21.73  27.52  33.31  36.65  42.21  44.92  48.1  50.56  52.91  55.22  55.99  56.23  55.26  54.7  49.47  43.88  49.16  50.64  43.87  39.22
35.71  33.14  25.71  21.78  22.42  27.1  31.7  35.51  40.39  40.59  45.2  49.03  49.38  52.37  51.33  51.44  50.77  51.56  47.78  42.46  47.67  50.64  41.01  39.58
31.91  29.39  26.08  20.46  22.16  26.33  29.72  35.34  39.96  40.47  46.62  49.1  49.62  52.58  52.64  54.79  56.04  56.39  48.7  43.3  50.13  52.75  45  39.03
36.03  31.37  27.39  23.94  24.92  31.65  34.03  36.38  41.49  42.98  46.8  49.58  51.71  54.77  56.08  57.49  58.75  56.43  49.96  42.66  49.06  51.36  41.52  39.97
37.21  33.7  28.71  26.11  25.63  27.31  27.86  34.6  37.01  41.67  47.28  51.66  53.46  56.32  56.38  58.09  58.67  57.79  52.78  46.08  49.99  53.98  45.72  40.91
39.1  35.58  31.16  28.11  26.08  27.64  26.19  31.79  35.14  37.89  44.52  48.76  50.32  52.65  52.82  54.9  56.21  56.12  49.31  43.14  51.66  53.62  44.03  43.61
41.6  35.17  31.39  28.11  28.12  32.05  35.97  41.05  45.09  48.17  58.73  60.76  63.49  67.3  69.14  70  69.74  68.8  64.3  58.77  66.67  66.43  51.05  45.25
39.29  34.93  30.89  28.3  28.59  33.6  37.53  41.08  45.71  47.91  54.71  59.96  62.33  67.27  67.88  68.84  69.19  65.44  61.87  54.31  61.98  59.94  51.08  47.07
37.99  32.54  29.8  26.71  27.8  31.71  37.13  43.65  48.52  54.44  60.57  59.92  61.99  65.2  67.59  70.16  70.63  67.06  61.37  53.52  61.28  57.4  49.05  40.13
40.82  36.42  31.84  29.53  29.53  34.04  37.14  34.16  39.31  45.02  48  49.99  49.6  51.63  50.47  51.23  49.78  48.21  43.73  39  45.33  43.68  36.38  33.87
29.18  24.6  19.39  17.32  18.11  24.02  28.07  30.63  34.23  35.82  37.55  39.09  39.27  40.55  40.23  40.11  40.67  39.93  37.07  33.85  37.77  37.41  30.2  26.5
24.8  19.44  15.71  12.74  13.82  15.79  15.45  22.86  29.05  32.29  36.3  38.69  37.5  38.15  36.79  38.15  40.45  40.3  36.32  32.53  36.42  37.9  29.17  24.86
19.33  13.13  7.85  6.05  3.79  7.34  8.28  15.54  24.09  28.8  32.78  38.27  39.43  41.86  42.33  42.83  43.5  43.43  41.69  40.09  45.74  46.58  36.89  30.02
23.23  17.25  13.27  13  14.83  18.49  26.93  34.21  39.12  40.77  45.66  45.02  48.81  51.96  52.55  52.47  52.4  50.98  46.6  43.83  47.36  49.37  39.32  36.91
28.91  23.92  19.71  16.16  17.98  24.14  28.92  31.62  36.43  37.66  42.64  47.35  47.35  50.62  53  53.24  52.7  51.75  47  42.2  44.69  44.71  38.44  37.25
30.22  24.64  20.21  17.45  19.02  24.67  28.97  31.92  36.31  36.82  40.47  42.15  43.97  50.05  50.84  49.84  51.35  50.83  45.76  41.13  44.1  43.79  38.1  35.36
30.69  27.44  23.59  21.56  22.55  27.56  32.16  31.92  36.93  37.11  39.48  40.23  40.94  44.34  44.3  46.4  47.08  44.97  39.54  36.92  40.56  41.42  34.31  32.68
31.11  28.51  24.94  23.1  23.34  28.9  32.09  34.28  36.76  38.11  40.13  40.12  39.98  42.33  42.96  43.15  43.21  41.54  38.48  36.05  40.32  39.41  32.4  27.56
27.91  23.9  19.76  16.82  16.64  17.34  18.57  28.59  32.06  34.6  35.78  36.26  36.81  37.12  37.27  38.12  38.99  38.69  37.05  36.25  38.38  36.86  33.91  27.12
24.03  18.74  15.19  14.01  13.2  13.06  13.19  21.5  25.6  30.17  32.18  33.09  34.39  35.53  35.71  36.46  37.85  38.25  36.37  34.32  36.35  35.52  31.07  27.28
27.32  21.22  16.91  15.82  16.59  23.99  28.17  32.77  35.97  38.13  40.48  45.2  47.83  51.91  52.88  54.03  53.89  52.28  44.94  41.78  43.25  43.3  36.61  32.19
29.21  25.29  21.73  20.4  21.17  25.94  30.49  32.85  37.07  38.87  40.8  44.51  45.38  49.4  51.38  53.25  54.7  51.34  45.88  41.73  45.33  44.2  37.02  34.43
26.12  22.67  19.01  17.97  19.05  23.96  26.52  32.73  36.59  40.63  43.1  43.13  45.65  50.59  52.14  53.61  54.62  51.17  45.77  41.14  44.78  42.13  33.95  31.87
28.17  24.73  21.96  19.9  20.96  25.34  29.72  33.15  37.23  37.44  40.48  45.25  46.47  50.86  53.36  53.41  52.11  49.38  42.64  39.99  44.54  43.6  36.57  32.5
32.38  30.34  24.98  23.3  25.09  31.44  30.43  34.42  37.94  39.57  42.57  44.87  46.29  50.21  53.62  52.09  53.21  51.28  42.53  39.55  45.88  42.9  36.36  34.02
34.46  32.1  28.85  26.95  26.62  27.9  24.95  29.57  33.75  35.99  40.18  40.55  41.93  43.78  44.01  43.92  45.01  44.21  38.77  35.79  40.06  39.21  32.22  26.22
23.23  17.63  14.38  11.55  10.06  11.01  10.82  16.37  22.68  26.3  29.36  30.27  31.41  31.74  32.13  33.03  36.99  35.77  32.58  29.39  34.11  33.12  26.74  23.98
16.51  14.75  8.6  5.24  10.51  16.12  21.09  29.61  33.79  36.35  40.54  43.42  44.54  47.14  47.52  52.91  55  57  45.64  39.1  44.39  43.3  33.88  30.72
24.69  21.05  16  13.52  15.19  21.01  25.59  31.35  37.44  38.61  42.81  47.01  49.41  52.9  56.06  56.33  58.78  56  48.85  44.44  47.41  46.44  35.93  30.92
27.45  24.39  20.16  17.85  18.77  25  27.86  34.02  38.36  39.7  43.84  47.93  51.26  56.45  58.56  58.36  58.56  58.81  49.55  46.41  50.52  47.43  37.68  34.11
28.78  23.71  20.53  18.84  19.73  24.81  28.51  34.03  38.33  41.83  45.99  49.74  53.12  54.77  57.33  57.77  57.79  56.45  50.63  47.78  53.08  48.53  38.1  34.5
29.6  26.83  23.1  20.43  22  27.47  32.33  35.66  39.67  42.1  46.06  51.21  54.02  56.82  60.48  60.82  60.92  56.21  50.23  47.21  54.77  48.32  39.18  37.14
34.07  30.14  26.41  24.13  24.16  25.9  25.36  31.76  33.51  39.34  45  47.62  49.81  50  51.05  52.2  52.01  52.87  47.24  44.12  50.5  47.71  38  34.36
33.44  29.5  26.57  24.29  22.39  23.72  22.1  25.69  29.62  34.02  39.84  42.95  45.13  47  48.62  50.18  50.39  50.89  45.96  42.5  46.52  43.99  37.42  34.22
32.21  27.32  25.19  23.97  24.01  26.1  28.41  30.58  33.79  38.2  41.86  42.71  45.62  47.81  48.58  50.62  49.95  48.89  43.07  40.16  45.09  41.57  34.3  31.57
32.41  28.92  25.86  23.71  25.17  30.27  32.58  33.3  36.64  38.13  42.01  43.67  45.31  48.46  50.36  49.44  49.34  48.05  41.22  38.96  44.11  40.98  33.3  32.97
29.86  26.51  22.17  19.18  20.1  26.32  28.86  32.3  34.22  36.53  39.46  43.44  46.47  49.37  50.64  49.82  51.62  49.33  42.03  39.3  48.07  44.12  33.43  30.19
26.33  23.65  19.14  16.24  17.94  25.33  30.14  30.93  32.29  33.9  37.28  40.59  44.18  47.39  48.46  48.99  49.84  48.04  40.01  40.4  45.24  40.51  32.12  28.24
27.26  24.69  19.99  16.76  18.53  26.94  30.98  31.52  32.78  35.25  38.25  40.93  44.18  47.97  48.7  49.56  50.04  47.01  39.95  37.97  44.91  38.67  32.33  31.22
26.94  24.19  20.29  16.56  16.55  20.38  22.99  26.11  31.69  33.58  36.33  40.65  42.72  45.42  46.88  48.28  48.54  47.47  40.93  38.38  45.54  39.34  33.92  30.04
28.94  23.76  19.13  15.85  15.29  15.77  15.81  20.35  25.54  30.34  32.95  35  37.91  40.63  40.99  42.77  45.01  42.58  37.7  37.59  45.06  36.64  29.97  26.88
22.9  16.69  13.13  9.93  9.93  10.61  10.02  19.18  25.02  31.41  34.45  36.93  38.06  40.44  38.62  39.54  43.08  41.53  37.97  38.7  44.04  38.69  31.64  25.52
27.94  24.39  21.02  18.68  20.53  29.05  33.2  33.2  35.07  37.4  40.51  42.88  45.03  50.91  52.28  52.57  52.24  51.97  43.37  48.54  55.23  44.6  37.95  34.2
30.43  26.73  24.39  23.24  24.08  31.16  36.37  34.8  36.46  37.74  40.82  43.18  45.7  49.36  48.54  48.1  49.28  48.67  42.2  46.73  51.34  42.73  37.61  35.21
33.06  29.54  27.1  25.09  26.56  33.29  38.51  36.31  38.69  37.88  40.1  41.96  42.8  44.33  43.94  42.55  42.55  39.78  36.39  40.33  42.16  36.66  32.58  31.91
31.99  29.75  25.84  23.79  25.59  30.81  36.17  33.03  36.84  37.76  40.11  41.93  44.28  46.68  47.58  47.58  48.61  47.66  40.39  42.99  47.98  42.96  37.13  33.38
28.13  23.19  18.04  15.45  14.62  18.27  19  25.32  32.74  34.35  35.51  37.94  40.28  40.24  40.67  44.07  44.91  44.35  38.95  40.58  44.83  38.39  32.97  26.58
26.8  23.62  16.37  14.11  13.93  15.65  15.54  18.64  26.09  32.33  35.49  38.3  38.57  39.95  42.04  42.92  45.54  45.17  36.68  42.85  50  40.68  34.22  28.54
27.52  23  20  15.89  17.51  26.09  34.94  33.13  31.99  36.56  37.91  42.17  43.98  48.3  48.84  52.64  54.25  51.01  42.24  49.81  50.23  41.02  34.14  28.59
34.23  30.06  26  24.01  26.09  33.49  39.32  40.05  44.13  46.53  48.07  51.99  53.86  57.22  57.77  58  58.1  54.67  46.55  52.59  53.91  46.31  38.2  36.13
25.88  20.81  17.33  16.36  19.25  27.06  35.99  36.14  38.71  40  41.2  44.39  47.12  50.41  51.38  51.66  53.82  49.55  41.81  46.89  50.43  41.96  35.46  31.03
31.06  26.97  25.08  22.51  24.86  33.29  40.1  38.3  40.37  42.69  47.23  50.96  51.61  55.98  58.64  60.79  62.4  57.23  46  54.66  56.24  45.57  38.56  38.14
36.02  33.04  28.63  27.12  29.55  36.12  42.69  38.98  41.98  42.21  44.25  47.43  47.56  50.7  50.03  50.02  51.54  48.72  42.41  47.31  48.36  41.67  37.32  35.63
37.27  34.55  31.5  29.46  28.53  29.53  33.5  35.29  39.5  43.63  46.93  48.5  48.97  48.4  48.47  49.77  50.99  50.18  42.3  49.51  51.33  42.56  38  34.6
32.24  26.21  21.33  20  20  24  25.88  33.02  35.9  38  40  42.4  43.31  44  44.38  45.51  48.98  47.67  40.65  53.43  55  48.4  38  33.58
27.06  23.1  20  18.66  17.01  31.12  40.22  38.78  40.04  41.4  43.24  44.58  46.11  48.09  48.17  48.15  49.61  46.06  40.88  51.45  50.22  42.11  35.46  30.65
25.26  21.03  16.98  15.9  16.66  27.18  38.38  39.38  40.98  43.22  44.92  48.3  50  52.92  53.54  53.98  54.66  51.39  43.92  55.61  54.98  45  38  34.21
25.64  20.84  17.45  15.75  18.13  27.69  39.13  40.95  42.66  46.63  49.58  54.11  56.32  58.72  59.52  59.01  59.54  55.92  51.05  58.28  59.87  49.22  39.97  35.22
28.56  23.64  20.19  19.36  21.16  31.13  41.8  39.79  44.06  47.24  50.43  53.7  55.35  58.41  59.11  59.57  60.69  59.35  51.03  62.4  61.48  50.04  41  36.15
30.96  26.21  23.1  21.52  23.5  32.36  41.35  38.44  41.97  43.69  45.48  49.68  53.9  58.66  59.67  57.76  57.07  54.8  47.06  52.17  52.69  45.47  38.36  34.48
29.56  24.61  21  18.84  20  24.68  26.84  28.88  35.13  39.7  44.22  48.48  49.03  49.99  52.95  54.12  54.83  53.38  47.23  55.97  55.65  44.4  38  30
28.22  25  21.63  20  19.91  21.02  23.1  26.96  32.17  36.86  39.39  44.03  46.55  48.67  49.17  50.56  51.83  49.8  44.86  58.02  56.99  46.66  37.79  31.84
27.02  23.1  19.75  19  20.03  27.2  40.13  37.23  38.65  41.26  44.35  48.74  49.07  53.23  54.44  54.88  56.75  54.36  46.34  55.73  53.83  44.86  36.97  28.61
33.13  30.17  27.52  25  27  35.31  46.43  40.98  44.27  46.37  48.71  50.95  51.62  53.1  54.33  54.56  55.04  51.31  45.95  57.39  53.61  42.5  36.43  31.4
30.8  27.82  24.61  23.1  24.63  35  47.34  42.54  43.77  45.98  47.69  50.31  49.61  51.6  52.16  51.82  53.41  48.64  43.4  57.83  52.62  41.29  35.86  31.26
28.66  25  20.91  18.33  23.14  32.93  44.93  42.61  44.98  47.63  49.41  52.77  51.07  53.7  53.25  49.96  50.6  50.34  44.78  59.1  53.6  42  36.27  31.9
20.03  17.98  15.97  15.51  16.97  20.51  40.26  38.38  40.11  41.6  47.45  50.36  51.08  54.13  52.64  50.59  50.59  47.73  45.27  60.82  50.74  37.5  32.22  27.89
23.29  20.05  16.45  14.51  14.28  18.83  21.78  25.86  31.92  36.25  36.79  38.52  37.92  39.02  38.52  38.17  38.61  38.12  36  49.37  43.45  34  29.28  24.34
21.06  18.04  15.1  14.16  14.05  16.63  20.02  20.79  25.76  27.91  29.17  31.03  32.36  32.71  32.94  30.6  31  31.74  32.58  45.92  40.84  33.28  28.27  24.91
22.2  18.19  16.24  15.64  18.71  24.78  32.45  36.56  40.88  42.32  44.48  46.68  45.81  47.75  46.96  49.16  49.3  46.49  45.28  67.92  57.81  39.95  34.08  27.76
25.63  21.67  20.8  20.25  22.44  31.24  42.62  43.57  44.96  46.16  49.42  49.58  47.98  49.87  47.62  46.03  47.09  46.08  45.48  65.25  55.34  44.16  36.94  30.94
29.59  26.18  24.84  23.58  27  35  45.28  44.51  44.42  44.39  46.58  46.56  45.61  46.66  45.28  43.68  43.89  42.73  43.99  62.12  51.11  42.2  35  30.24
24.58  21.21  19.89  19.62  20.75  29.1  38.83  41.98  43.46  44.34  46.38  46.2  45.99  46.84  46.02  45.04  45.55  44.21  44.26  59.14  51.6  42.78  35.46  29.69
24.5  20.57  18.5  17.74  18.62  28.28  38.28  39.69  40.62  41.83  43.1  45.03  45.39  46.78  46.64  44.26  43.39  42.1  41.36  53.22  47.78  38.93  33.03  28.24
25.64  23.08  20.07  17.9  17.67  21.44  25  26.41  30.24  35.47  37.25  38.21  37.43  37.75  36.36  35.19  35.37  33.83  36.07  47.64  39.5  32.03  28.01  25
20.3  17.06  14.71  13.8  13.98  16.51  18.47  21.56  25.71  28.03  29.95  30.59  30  29.57  29.1  28.93  28.83  29.32  31  36.22  34.21  30.67  27.53  24
19.8  17.41  14.99  14.99  17.23  25.93  35  38.46  40  41.04  45.04  45  43.96  44.95  43.45  41.82  42.69  41.74  43.78  60.69  50.66  38.97  32.77  24
23.36  18.23  16.12  15.66  20.43  31.04  39.04  42.32  43.48  43.99  45.19  45.55  43.9  43.43  41.77  40.57  41.91  41.38  43.96  56.24  47.14  39.08  33.93  27.79
24.36  19.73  18.77  17.06  21.72  31.79  38.98  40.3  41.11  41.25  41.76  41.13  40.02  40.14  39.82  39.04  39.63  39  40.9  50.67  45.3  38.99  34.3  26.26
24  17.67  15.51  15.03  20.06  29.47  39.74  42.08  43.05  43.1  44.66  44.03  43.28  43.72  42.24  41.68  42.28  41.72  45.07  57.17  48.35  39.59  34  26.98
21.32  17.07  15.53  15.29  19.17  30  38.92  40.57  40.58  41.02  41.27  40.82  40.39  40.39  39.45  38.97  39.04  38.95  41.91  48.97  41.47  38.13  32  23.89
22.94  19.45  17.81  16.66  16.73  20.55  24.56  28  31.53  33.65  34.35  34.41  33.17  32.58  31.02  30.78  31.72  32.68  34.49  37.6  35.08  32.59  29.24  24.21
23.53  19.22  17.88  17.37  17.56  20  23.69  25.07  28.99  31  31.49  31.48  31  30.23  29.99  29.46  29.99  31.63  37.73  40.87  38.62  34.16  30  27.89
23.24  20.11  18.57  18.29  21.63  30.61  40.38  44.5  46.27  47.91  47.78  47.52  47.18  46.28  43.32  43.36  43.29  44.51  49.38  63.19  50.32  42.9  35.1  22.37
27  22.22  20.07  20.07  24.01  34.4  43  45.26  51.31  50.27  54.4  54.37  52.85  51.98  48.41  47.3  50.4  50.45  59.54  75.78  59.02  44.04  35.76  28.31
27.55  22.95  20.52  20.94  24.49  35.56  52.99  52.71  54.21  55.39  56.41  56.07  55.83  55.6  52.41  50.66  51.29  53.03  63.76  76.12  60.87  46.12  36.5  29.85
31.35  27.38  24.42  24.45  27.42  37.6  54.81  56.2  55.08  55.82  56.19  56.62  56.33  56.72  52.49  50.95  52.24  55.21  68.47  80.82  62.53  49.79  39.88  33.94
33.79  28.15  26.25  26.84  30.2  40.01  61.4  59.82  56.13  56.61  56.6  56.93  53.54  53.91  49.47  48.25  50.64  53.35  63.86  73.06  58.51  45.87  38.42  36.95
34.85  30.52  27.71  26.11  28.35  31.2  35.34  37.79  39.47  43.03  44.07  42.58  40.46  39.07  36.18  35.62  37.77  40.07  43.73  50.66  46.71  40.04  35.2  32.34
30.08  26.95  25.44  24.19  24.59  27.39  31.09  33.73  37.03  40.72  38.41  39.09  39.08  36.56  35.27  35.12  37.97  40.7  49.99  55.38  50.27  40.37  35.53  33.56
31.65  28.34  26.62  25.89  28.91  37.87  56.87  58.3  52.67  53.89  53.96  54.48  52.62  52.48  47.53  50.09  52.77  57.14  66.5  78.27  65.11  47.77  39  33.83
28.15  23.2  21.36  21.65  25.26  36.73  52.89  56.12  54.55  54.24  55.36  53.17  50.41  49.19  45.67  44.98  46.8  50.01  57.3  68.31  58.65  43.83  37.12  30.5
23.58  19.84  18.96  18.7  20.2  32.57  53.38  58.67  53.48  54.44  55.76  55.41  51.21  51.01  47.63  46.53  49.76  49.71  65.36  68.99  54.5  42.04  35.46  26.33
23.64  19.72  18.51  18.29  20.59  30.71  50.29  56.26  51.93  50.3  53.31  53.06  48.57  46.76  44.98  44.04  45.74  46.25  61.16  63.12  51.34  42.73  35.15  25.44
22.98  20.12  19.13  18.86  20.77  29.37  49.89  52.81  46.65  46.5  45.19  43.65  43.8  43.02  42.15  40.9  40.97  40.91  45.49  49.7  42.84  39.89  33.46  26.69
31.18  28.84  25.21  23.61  24.56  28.82  32.17  34.6  41.82  44.82  45.53  42.97  40.74  39.57  36.98  37.89  38.79  41.17  48.74  48.23  39.67  37.3  31.63  28.2
25.33  20.9  19.28  18.67  18.7  20.68  25.64  30.49  32.41  33.63  33.81  33.98  33.92  33.03  32.53  32.55  34.05  41.96  41.81  43.94  36.67  35.16  31.25  29.34
24.2  20.82  20.07  20.08  25  35.08  48.83  58.28  56.59  54.99  54.23  52.09  51.33  48.06  44.87  45.36  48.18  64.33  69.86  69.76  57.81  45.83  39  31.15
30.41  28.15  25.63  25.62  28.16  37.7  49.73  63.17  61.11  61.18  60.21  59.16  57.42  56.07  54.06  53.12  55.23  68.42  74.09  73.11  61.46  53  45  34.9
27.99  25.13  23.87  24.02  24.33  34.6  46.45  54.71  54.64  54.67  54.66  54.16  53.44  50.3  48.47  48  52.65  64.57  70.18  65.92  58.17  49.95  40.3  31.8
23.84  20.86  19.71  19.54  22.58  31.35  44.97  54.57  54.23  53.21  52.01  51.55  48.93  48.32  47.78  47.36  51.21  64.47  65.63  64.7  58.02  48.49  38.06  27.39
28.13  25.26  23.3  23.33  26.09  36.18  48.69  54.17  53.21  51.66  51.18  50.9  48.86  47.67  45.47  44.67  46.63  58.65  59.56  55.62  50.82  44.85  37.1  31.86
31.68  27.55  23.79  23.77  24.77  30.22  34.16  34.99  36.66  37.91  36.74  36.04  35.07  34.09  33.01  32.79  34.89  38.56  40.64  38.81  37.26  35.36  32  28.35
24.13  21.1  20.34  19.02  20  22.89  24.99  29.67  32.1  32.99  33.12  31.91  31.61  30.24  29.17  29.67  31.87  36.07  37.45  36.63  35.49  34.39  31.64  26.16
24.26  21.92  21.19  21.55  24.63  33.11  47.53  55.5  55.45  55.36  55.96  53.94  51.14  51.22  48.7  48.17  51.42  69.29  72.26  66.28  60.38  49.06  41.13  33.68
31.73  28.89  27.07  27.13  31.56  39.87  54.36  65.75  62.92  60.59  59.02  56.89  54.37  52.48  50.12  49.57  52.51  73.17  75.89  73.63  65.03  54.48  44.04  36.06
32.2  29.48  28.19  27.97  31.63  41.59  57.08  58.69  54.64  51.61  49.93  48.66  46.32  44.53  42.88  41.77  45.35  64.93  71.01  60.89  54.67  46.92  35.92  33.96
29.13  27.16  26.16  25.48  29.49  39.28  53.01  53.07  47.73  47.99  47.61  46.78  45.01  43.38  41.8  41.15  44.05  63.64  68.73  57.93  49.66  43.94  34.53  32.38
25.89  24.05  22.04  22.31  24.62  35  49.03  53.6  51.86  52.45  52.88  52.21  49.88  48.61  46.35  45.87  48.33  71.25  70.87  59.29  51.27  46.83  37.65  34.44
29.23  28.49  26.39  25.24  27.04  30.12  34.9  35.71  37.64  40.3  39.97  37.12  35.12  33.42  32.2  31.44  34.77  39.41  43.21  40.73  38.03  36.36  32.82  28.77
28.5  26.32  25.16  24.8  27.23  28.97  31.55  32.93  35.97  36.98  35.73  35.08  33.41  31.61  30.85  30.72  32.1  44.72  45.77  44.87  38.45  36.1  33.01  26.74
27.21  26.71  26.51  26.02  28.61  36.1  57.43  55.62  50.15  46.98  46.41  43.6  39.28  37.88  36.37  35.81  40.07  61.24  55.74  48.81  47.26  41.4  32.74  25.98
24.8  23.63  22.73  22.6  25.49  33.37  49.98  49.89  45.67  44.63  43.21  39.43  37.07  36.11  35.01  34.99  37.32  55.34  57.68  49.58  47.1  39.65  31.75  25.53
23.21  21.43  19.84  19.82  21.84  31.62  47.83  51.95  43.32  41.14  38.2  37.29  35.35  34.67  33.28  32.78  35.56  64.08  60.51  51.95  46.97  36.23  28.64  24.5
24.3  22.49  21.89  21.19  23.24  31.43  45.07  46.72  38.48  38  36.38  35.55  34.25  32.77  31.28  31.02  34.2  61.58  60.31  51.87  48.96  34.87  27.27  24.21
22.73  20.79  19.88  18.09  19.88  29.94  41.01  45.72  38.63  39.46  40.23  39  36.73  35.38  33.98  33.59  36.76  60.02  59.84  50.27  43.78  35.26  28.78  24.44
23.48  21.61  19.96  19.01  20.81  23.2  26.85  30.75  36.74  38.09  36.99  35.23  33.59  32.19  30.1  30.19  33.49  47.4  44.27  35.58  35.3  32.02  27.81  26.52
21.81  19.51  17.35  17.05  17.65  19.98  22.56  26.1  29.46  30.74  30.3  29.01  28.85  28.43  27.51  28.26  29.73  39.93  38.76  35.46  32.4  30.08  27.34  24.92
21.98  19.99  19.98  19.97  20.83  26.49  40.62  46.86  41.25  40.11  37.62  35.89  34.44  33.79  31.7  31.4  34.5  62.33  62.01  52.87  45.87  34.84  27.63  25.43
23.15  21.54  20.42  20.35  21.7  26.5  40.43  39.12  41.39  39.33  38.09  33.41  30.39  30.24  28.66  28.26  35.09  61.62  59.03  51.58  43.41  32.95  27.34  27.48
23.28  21.12  19.8  19.76  21.04  26.45  40.33  44.7  42.41  40.04  38.28  37.14  35.74  34.58  33.11  32.45  36.79  56.41  56.58  50.16  42.29  35.98  28.8  25.76
21.5  19.11  17.86  17.27  17.39  20.49  23  26  28.93  31.73  32.85  31.92  27.55  25.91  23.91  23.42  27.26  33.19  34.89  34.62  32.2  27.96  25  22.51
24.24  21.79  21.45  20.52  22.4  27.25  34.68  35.44  36.32  37.48  36.72  35.68  34.7  33.96  32.43  32.22  35.96  52.52  50.31  45.14  39.07  34.67  31.05  28.73
26.59  25  23.2  23  23.21  26.92  29  30.87  33.83  33.91  32.79  32.13  30.88  29.72  27.95  27.87  30.96  36.15  38.32  33.85  32.75  30.86  27.85  25.89
24.18  22.24  20.38  20.36  20.34  24.34  25  25.95  28.83  30.64  30.39  30.17  29.05  28.42  27.8  28.16  32.85  38.47  40.67  37.64  34.66  32.71  28.48  26.8
25.85  23.89  22.72  22.15  22.55  32.01  43.7  48.78  44.94  44  43.08  41.49  39.14  38.91  38.19  36.93  41  58.31  58.49  55.09  50.3  40.91  32.54  28.39
25.15  22.6  21.55  21.43  22.37  28.12  40.88  45.96  41.85  40.7  41  39.3  38.01  37.3  35.84  35.35  39.83  57.17  56.21  51.75  46.84  38.81  30.08  26.67
23.89  21.92  20.64  19.97  21.57  27.57  38.26  34.22  34.37  34.39  35.89  34.52  33.45  32.48  32.13  32.3  37.29  64.68  62.93  53.34  47.22  36.37  28.95  26.45
24.53  21.81  21.66  21.47  23.05  28.15  45.91  42.32  37  37.08  36.67  34.34  32.65  31.67  30.73  30.89  34.75  60.88  63.48  56.5  47.55  36.12  28.13  23.92
29.47  27.68  26.86  26.96  28.08  33.26  52.97  54.63  52.68  50.33  50.25  42.87  37.95  36.57  35.25  35.37  40.27  68  69.73  60.03  55.4  43.32  34.03  32.07
32.34  30.23  29.51  29.55  29.8  32.62  34.72  36.66  40.62  39.49  38.16  35.81  33.49  31.36  30.44  29.91  33.87  50.71  47.07  46.16  43.84  35.75  32.08  30.7
29.38  27.93  27.72  27.26  26.66  28.18  30.07  30.39  31.81  32.49  31.01  29.85  29.04  27.95  26.89  27.15  28.86  37.71  42.86  39.58  36.51  32.55  28.36  28.7
26.54  25.33  23.48  23.37  25.07  29.81  45.13  47.05  45.52  46.73  41.01  35.1  33.62  32.57  31.96  32.06  35.19  63.9  62.42  56.82  50.42  37.35  28.61  25.4
22.94  21.42  20.23  20.45  21.85  24.76  42  36.26  32.99  32.99  32.89  31.89  30.4  30.77  29.69  29.85  33.2  57.81  57.43  50.37  49.03  35.7  27.12  24.37
23.29  22.1  20.78  20.6  21.77  29.42  36.19  45.48  41.78  39.36  39.96  39.71  37.87  38.69  37.2  37.06  38.87  53.27  54.03  47.68  44.5  40.44  40.34  28.52
26.47  25.17  22.83  22.9  24.13  25.29  39.51  36.72  35.83  34.59  33.62  32.32  30.87  30.77  29.87  29.66  32.47  46.96  50.18  44.94  43.11  33.79  28.12  23.18
25.19  23.87  23.41  23.51  23.83  25.94  32.29  33.41  32.43  31.97  32.98  32.34  31.36  31.43  30.64  30.78  33.11  49.31  51.73  41.49  36.75  32.83  29.14  24.71
24.75  23.64  22.76  22.46  22.47  23.93  25.16  26.95  29.07  31.24  30.65  30.19  29.42  28.65  27.99  28.02  31.28  53.69  43.07  43.1  41.06  37.61  29.95  29.54
23.12  22.53  22.01  21.49  21.89  23.08  25.26  27.33  28.61  30.32  29.03  28.9  27.75  26.86  25.61  26.13  33.47  43.69  43.77  39.61  35.09  32.01  26.69  25.4
26.77  25.69  25.39  25.66  26.28  29.06  50.72  55.36  50.93  47.38  45.62  42.67  37.43  36.42  35.53  35.75  43.9  68.19  69.46  65.39  58.07  48.25  34.6  27.48
27.57  26.26  25.83  25.98  27.26  30.17  44.76  57.36  52.38  49.21  48.02  41.19  34.06  33.09  32.36  34.01  45.16  75.29  79.94  74.43  67.07  53  36.54  27.85
31.53  30  29.66  29.82  30.77  35.62  62.61  65.26  52.03  46.94  39.59  35.93  31.75  32  31.66  31.93  35.1  73.63  80.58  72  64.65  51.2  32.4  30.49
31.89  31.22  30.46  30.48  31.96  36.44  51.76  51.98  40  34.96  31.79  30.76  29.68  29.78  29.39  29.45  30.38  57.75  65.1  58.21  52.28  36.88  28.98  28.76
29.98  29.06  28.75  28.81  29.46  35.29  52.5  41.58  33.4  32.11  30.96  29.63  28.07  27.59  27.07  27.14  31.1  38.48  49.65  41.45  37.6  33.1  26.86  28.98
28.09  27.48  26.82  26.59  26.6  28.82  30.59  31.47  33.96  32.54  32.58  30.36  28.58  26.74  25.68  26.46  30.06  46.76  40.86  37.43  37.57  32.44  27.96  26.15
26.3  26.91  26.03  25.38  25.31  26.4  27.93  27.72  28.02  28.57  27.76  27.49  27.13  26.87  26.31  27.05  31.58  58.79  60.78  61.32  60.28  50.45  33.44  31.02
32.64  30.74  29.86  30.05  33.04  37.63  60.62  68.79  62.33  59.82  55.36  46.37  39.41  39.21  37.32  36.66  48.52  80.19  88.05  84.77  76.58  60.62  40.5  32.63
39.99  38.27  38  37.64  37.74  47.12  69.31  68.55  59.76  55.64  46.34  41.83  37.08  36.06  34.8  34.06  37.18  74.41  75.66  67.36  65.38  53.18  37.2  33.04
28.73  27.39  27.67  27.89  28.26  31.41  48.66  47.94  38.31  36.27  34.54  32.73  29.56  28.26  27.48  27.45  30.14  51.71  57.65  49.48  46.55  36.31  27.69  27.94
28.09  26.94  26.41  26.02  26.76  29.34  37.95  46.6  47.02  47.39  46.25  46.3  37.29  35.08  33.28  33.32  39.49  71.9  79.41  69.82  67.59  57.89  45.55  30.33
29.16  27.93  27.82  27.58  27.98  28.95  34.7  34.21  35.9  37.33  37.66  36.66  35.1  32.55  30.96  31.18  35.73  61.06  68.66  60.21  52.82  42.77  34.18  33.99
33.2  30.53  29.76  29.14  29.54  30.69  31.23  32.49  34.18  35.06  34.66  34.02  32.8  29.98  28.67  28.54  32.01  36.37  49.4  44.69  43.76  40.63  35.31  32.85
33.69  32.51  32.38  32.15  32.06  32.59  33.11  33.28  34.77  34.5  33.8  32.85  32.06  31.3  30.54  30.02  33.43  44.34  50.31  50.35  44.75  40.8  34.46  33.65
34.12  33.11  33.38  33.78  33.55  34.8  47.08  55.83  56.45  50.98  44.27  42.5  38.57  35.77  33.95  33.59  38.81  66.59  74.46  67.65  63.21  51.56  37.21  33.84
33.75  32.15  32.36  32.68  32.75  34.63  53.92  58.74  53.18  42.57  38.07  35.23  33.3  32.46  30.71  30.03  34.81  58.98  64.36  56.25  49.91  39.12  30.83  30.52
33.77  32.03  31.59  31.99  33.02  34.44  47.13  49.92  42.02  37.83  36.62  33.05  32.51  30.61  29.29  28.62  32.47  53.36  58.12  50.25  46.26  37.16  31.05  30.73
28.45  27.35  27.38  27.41  26.77  29.43  36.34  42.71  37  35.94  35.16  32.2  31.08  29.1  28.29  28.1  31.87  50.27  51.04  44.42  44.53  36.63  30.47  28.01
25.71  23.55  22.93  22.74  22.79  23.67  25.62  27.73  28.51  29.93  29.56  28.01  27.29  26.92  25.69  25.17  27.63  39.1  34.95  32.43  30.87  27.85  25.43  24.42

